Numbers             Number of possible totals
1 1 2 2 3 3           0/899
1 1 2 2 3 4           1/899
1 1 2 2 3 5           4/899
1 1 2 2 3 6          12/899
1 1 2 2 3 7          21/899
1 1 2 2 3 8          33/899
1 1 2 2 3 9          47/899
1 1 2 2 3 10         59/899
1 1 2 2 4 4           5/899
1 1 2 2 4 5          19/899
1 1 2 2 4 6          32/899
1 1 2 2 4 7          48/899
1 1 2 2 4 8          54/899
1 1 2 2 4 9          74/899
1 1 2 2 4 10         88/899
1 1 2 2 5 5          29/899
1 1 2 2 5 6          58/899
1 1 2 2 5 7          76/899
1 1 2 2 5 8          94/899
1 1 2 2 5 9         107/899
1 1 2 2 5 10        123/899
1 1 2 2 6 6          61/899
1 1 2 2 6 7          98/899
1 1 2 2 6 8         117/899
1 1 2 2 6 9         141/899
1 1 2 2 6 10        154/899
1 1 2 2 7 7          96/899
1 1 2 2 7 8         145/899
1 1 2 2 7 9         168/899
1 1 2 2 7 10        191/899
1 1 2 2 8 8         135/899
1 1 2 2 8 9         191/899
1 1 2 2 8 10        211/899
1 1 2 2 9 9         169/899
1 1 2 2 9 10        234/899
1 1 2 2 10 10       206/899
1 1 2 3 3 4          11/899
1 1 2 3 3 5          27/899
1 1 2 3 3 6          41/899
1 1 2 3 3 7          62/899
1 1 2 3 3 8          74/899
1 1 2 3 3 9          88/899
1 1 2 3 3 10        107/899
1 1 2 3 4 4          33/899
1 1 2 3 4 5          65/899
1 1 2 3 4 6          90/899
1 1 2 3 4 7         112/899
1 1 2 3 4 8         132/899
1 1 2 3 4 9         152/899
1 1 2 3 4 10        181/899
1 1 2 3 5 5          78/899
1 1 2 3 5 6         122/899
1 1 2 3 5 7         146/899
1 1 2 3 5 8         178/899
1 1 2 3 5 9         201/899
1 1 2 3 5 10        216/899
1 1 2 3 6 6         121/899
1 1 2 3 6 7         174/899
1 1 2 3 6 8         206/899
1 1 2 3 6 9         229/899
1 1 2 3 6 10        270/899
1 1 2 3 7 7         176/899
1 1 2 3 7 8         242/899
1 1 2 3 7 9         279/899
1 1 2 3 7 10        308/899
1 1 2 3 8 8         235/899
1 1 2 3 8 9         311/899
1 1 2 3 8 10        355/899
1 1 2 3 9 9         288/899
1 1 2 3 9 10        371/899
1 1 2 3 10 10       347/899
1 1 2 4 4 5          87/899
1 1 2 4 4 6         112/899
1 1 2 4 4 7         135/899
1 1 2 4 4 8         145/899
1 1 2 4 4 9         184/899
1 1 2 4 4 10        200/899
1 1 2 4 5 5         118/899
1 1 2 4 5 6         177/899
1 1 2 4 5 7         205/899
1 1 2 4 5 8         237/899
1 1 2 4 5 9         263/899
1 1 2 4 5 10        285/899
1 1 2 4 6 6         180/899
1 1 2 4 6 7         246/899
1 1 2 4 6 8         274/899
1 1 2 4 6 9         315/899
1 1 2 4 6 10        346/899
1 1 2 4 7 7         234/899
1 1 2 4 7 8         310/899
1 1 2 4 7 9         352/899
1 1 2 4 7 10        394/899
1 1 2 4 8 8         270/899
1 1 2 4 8 9         376/899
1 1 2 4 8 10        413/899
1 1 2 4 9 9         333/899
1 1 2 4 9 10        451/899
1 1 2 4 10 10       388/899
1 1 2 5 5 6         186/899
1 1 2 5 5 7         223/899
1 1 2 5 5 8         249/899
1 1 2 5 5 9         264/899
1 1 2 5 5 10        267/899
1 1 2 5 6 6         223/899
1 1 2 5 6 7         305/899
1 1 2 5 6 8         349/899
1 1 2 5 6 9         376/899
1 1 2 5 6 10        400/899
1 1 2 5 7 7         290/899
1 1 2 5 7 8         386/899
1 1 2 5 7 9         421/899
1 1 2 5 7 10        435/899
1 1 2 5 8 8         350/899
1 1 2 5 8 9         445/899
1 1 2 5 8 10        476/899
1 1 2 5 9 9         384/899
1 1 2 5 9 10        482/899
1 1 2 5 10 10       388/899
1 1 2 6 6 7         286/899
1 1 2 6 6 8         325/899
1 1 2 6 6 9         351/899
1 1 2 6 6 10        376/899
1 1 2 6 7 7         312/899
1 1 2 6 7 8         413/899
1 1 2 6 7 9         470/899
1 1 2 6 7 10        506/899
1 1 2 6 8 8         369/899
1 1 2 6 8 9         498/899
1 1 2 6 8 10        515/899
1 1 2 6 9 9         406/899
1 1 2 6 9 10        503/899
1 1 2 6 10 10       429/899
1 1 2 7 7 8         353/899
1 1 2 7 7 9         398/899
1 1 2 7 7 10        418/899
1 1 2 7 8 8         377/899
1 1 2 7 8 9         473/899
1 1 2 7 8 10        504/899
1 1 2 7 9 9         389/899
1 1 2 7 9 10        530/899
1 1 2 7 10 10       458/899
1 1 2 8 8 9         372/899
1 1 2 8 8 10        429/899
1 1 2 8 9 9         382/899
1 1 2 8 9 10        526/899
1 1 2 8 10 10       455/899
1 1 2 9 9 10        410/899
1 1 2 9 10 10       407/899
1 1 3 3 4 4          61/899
1 1 3 3 4 5         100/899
1 1 3 3 4 6         120/899
1 1 3 3 4 7         150/899
1 1 3 3 4 8         161/899
1 1 3 3 4 9         175/899
1 1 3 3 4 10        211/899
1 1 3 3 5 5          99/899
1 1 3 3 5 6         149/899
1 1 3 3 5 7         186/899
1 1 3 3 5 8         207/899
1 1 3 3 5 9         207/899
1 1 3 3 5 10        249/899
1 1 3 3 6 6         131/899
1 1 3 3 6 7         203/899
1 1 3 3 6 8         230/899
1 1 3 3 6 9         219/899
1 1 3 3 6 10        281/899
1 1 3 3 7 7         197/899
1 1 3 3 7 8         272/899
1 1 3 3 7 9         272/899
1 1 3 3 7 10        334/899
1 1 3 3 8 8         236/899
1 1 3 3 8 9         303/899
1 1 3 3 8 10        355/899
1 1 3 3 9 9         225/899
1 1 3 3 9 10        342/899
1 1 3 3 10 10       308/899
1 1 3 4 4 5         126/899
1 1 3 4 4 6         162/899
1 1 3 4 4 7         182/899
1 1 3 4 4 8         202/899
1 1 3 4 4 9         233/899
1 1 3 4 4 10        259/899
1 1 3 4 5 5         159/899
1 1 3 4 5 6         232/899
1 1 3 4 5 7         272/899
1 1 3 4 5 8         297/899
1 1 3 4 5 9         327/899
1 1 3 4 5 10        353/899
1 1 3 4 6 6         221/899
1 1 3 4 6 7         307/899
1 1 3 4 6 8         346/899
1 1 3 4 6 9         362/899
1 1 3 4 6 10        417/899
1 1 3 4 7 7         288/899
1 1 3 4 7 8         376/899
1 1 3 4 7 9         417/899
1 1 3 4 7 10        434/899
1 1 3 4 8 8         327/899
1 1 3 4 8 9         429/899
1 1 3 4 8 10        462/899
1 1 3 4 9 9         377/899
1 1 3 4 9 10        445/899
1 1 3 4 10 10       404/899
1 1 3 5 5 6         231/899
1 1 3 5 5 7         261/899
1 1 3 5 5 8         295/899
1 1 3 5 5 9         312/899
1 1 3 5 5 10        320/899
1 1 3 5 6 6         262/899
1 1 3 5 6 7         360/899
1 1 3 5 6 8         400/899
1 1 3 5 6 9         414/899
1 1 3 5 6 10        446/899
1 1 3 5 7 7         324/899
1 1 3 5 7 8         429/899
1 1 3 5 7 9         448/899
1 1 3 5 7 10        432/899
1 1 3 5 8 8         381/899
1 1 3 5 8 9         443/899
1 1 3 5 8 10        462/899
1 1 3 5 9 9         386/899
1 1 3 5 9 10        499/899
1 1 3 5 10 10       427/899
1 1 3 6 6 7         318/899
1 1 3 6 6 8         357/899
1 1 3 6 6 9         328/899
1 1 3 6 6 10        368/899
1 1 3 6 7 7         348/899
1 1 3 6 7 8         426/899
1 1 3 6 7 9         429/899
1 1 3 6 7 10        473/899
1 1 3 6 8 8         374/899
1 1 3 6 8 9         457/899
1 1 3 6 8 10        523/899
1 1 3 6 9 9         389/899
1 1 3 6 9 10        525/899
1 1 3 6 10 10       492/899
1 1 3 7 7 8         358/899
1 1 3 7 7 9         388/899
1 1 3 7 7 10        428/899
1 1 3 7 8 8         398/899
1 1 3 7 8 9         515/899
1 1 3 7 8 10        563/899
1 1 3 7 9 9         451/899
1 1 3 7 9 10        606/899
1 1 3 7 10 10       504/899
1 1 3 8 8 9         444/899
1 1 3 8 8 10        502/899
1 1 3 8 9 9         481/899
1 1 3 8 9 10        622/899
1 1 3 8 10 10       526/899
1 1 3 9 9 10        493/899
1 1 3 9 10 10       500/899
1 1 4 4 5 5         148/899
1 1 4 4 5 6         232/899
1 1 4 4 5 7         264/899
1 1 4 4 5 8         269/899
1 1 4 4 5 9         303/899
1 1 4 4 5 10        315/899
1 1 4 4 6 6         221/899
1 1 4 4 6 7         297/899
1 1 4 4 6 8         313/899
1 1 4 4 6 9         349/899
1 1 4 4 6 10        354/899
1 1 4 4 7 7         257/899
1 1 4 4 7 8         318/899
1 1 4 4 7 9         347/899
1 1 4 4 7 10        356/899
1 1 4 4 8 8         234/899
1 1 4 4 8 9         324/899
1 1 4 4 8 10        357/899
1 1 4 4 9 9         292/899
1 1 4 4 9 10        407/899
1 1 4 4 10 10       343/899
1 1 4 5 5 6         245/899
1 1 4 5 5 7         302/899
1 1 4 5 5 8         306/899
1 1 4 5 5 9         329/899
1 1 4 5 5 10        293/899
1 1 4 5 6 6         296/899
1 1 4 5 6 7         384/899
1 1 4 5 6 8         398/899
1 1 4 5 6 9         387/899
1 1 4 5 6 10        383/899
1 1 4 5 7 7         344/899
1 1 4 5 7 8         390/899
1 1 4 5 7 9         428/899
1 1 4 5 7 10        439/899
1 1 4 5 8 8         332/899
1 1 4 5 8 9         433/899
1 1 4 5 8 10        477/899
1 1 4 5 9 9         408/899
1 1 4 5 9 10        512/899
1 1 4 5 10 10       426/899
1 1 4 6 6 7         330/899
1 1 4 6 6 8         340/899
1 1 4 6 6 9         353/899
1 1 4 6 6 10        393/899
1 1 4 6 7 7         321/899
1 1 4 6 7 8         417/899
1 1 4 6 7 9         461/899
1 1 4 6 7 10        502/899
1 1 4 6 8 8         379/899
1 1 4 6 8 9         498/899
1 1 4 6 8 10        554/899
1 1 4 6 9 9         443/899
1 1 4 6 9 10        587/899
1 1 4 6 10 10       506/899
1 1 4 7 7 8         373/899
1 1 4 7 7 9         428/899
1 1 4 7 7 10        455/899
1 1 4 7 8 8         417/899
1 1 4 7 8 9         546/899
1 1 4 7 8 10        600/899
1 1 4 7 9 9         484/899
1 1 4 7 9 10        618/899
1 1 4 7 10 10       567/899
1 1 4 8 8 9         445/899
1 1 4 8 8 10        509/899
1 1 4 8 9 9         466/899
1 1 4 8 9 10        613/899
1 1 4 8 10 10       559/899
1 1 4 9 9 10        487/899
1 1 4 9 10 10       524/899
1 1 5 5 6 6         220/899
1 1 5 5 6 7         297/899
1 1 5 5 6 8         322/899
1 1 5 5 6 9         344/899
1 1 5 5 6 10        318/899
1 1 5 5 7 7         266/899
1 1 5 5 7 8         365/899
1 1 5 5 7 9         386/899
1 1 5 5 7 10        401/899
1 1 5 5 8 8         316/899
1 1 5 5 8 9         446/899
1 1 5 5 8 10        430/899
1 1 5 5 9 9         333/899
1 1 5 5 9 10        430/899
1 1 5 5 10 10       303/899
1 1 5 6 6 7         285/899
1 1 5 6 6 8         352/899
1 1 5 6 6 9         381/899
1 1 5 6 6 10        374/899
1 1 5 6 7 7         334/899
1 1 5 6 7 8         453/899
1 1 5 6 7 9         506/899
1 1 5 6 7 10        540/899
1 1 5 6 8 8         438/899
1 1 5 6 8 9         550/899
1 1 5 6 8 10        587/899
1 1 5 6 9 9         490/899
1 1 5 6 9 10        588/899
1 1 5 6 10 10       465/899
1 1 5 7 7 8         420/899
1 1 5 7 7 9         467/899
1 1 5 7 7 10        499/899
1 1 5 7 8 8         450/899
1 1 5 7 8 9         601/899
1 1 5 7 8 10        641/899
1 1 5 7 9 9         514/899
1 1 5 7 9 10        670/899
1 1 5 7 10 10       542/899
1 1 5 8 8 9         503/899
1 1 5 8 8 10        546/899
1 1 5 8 9 9         483/899
1 1 5 8 9 10        638/899
1 1 5 8 10 10       548/899
1 1 5 9 9 10        479/899
1 1 5 9 10 10       485/899
1 1 6 6 7 7         223/899
1 1 6 6 7 8         370/899
1 1 6 6 7 9         439/899
1 1 6 6 7 10        496/899
1 1 6 6 8 8         335/899
1 1 6 6 8 9         492/899
1 1 6 6 8 10        538/899
1 1 6 6 9 9         390/899
1 1 6 6 9 10        516/899
1 1 6 6 10 10       429/899
1 1 6 7 7 8         338/899
1 1 6 7 7 9         460/899
1 1 6 7 7 10        501/899
1 1 6 7 8 8         401/899
1 1 6 7 8 9         587/899
1 1 6 7 8 10        645/899
1 1 6 7 9 9         527/899
1 1 6 7 9 10        663/899
1 1 6 7 10 10       571/899
1 1 6 8 8 9         493/899
1 1 6 8 8 10        538/899
1 1 6 8 9 9         513/899
1 1 6 8 9 10        671/899
1 1 6 8 10 10       592/899
1 1 6 9 9 10        541/899
1 1 6 9 10 10       525/899
1 1 7 7 8 8         255/899
1 1 7 7 8 9         417/899
1 1 7 7 8 10        484/899
1 1 7 7 9 9         367/899
1 1 7 7 9 10        539/899
1 1 7 7 10 10       451/899
1 1 7 8 8 9         366/899
1 1 7 8 8 10        468/899
1 1 7 8 9 9         401/899
1 1 7 8 9 10        598/899
1 1 7 8 10 10       547/899
1 1 7 9 9 10        479/899
1 1 7 9 10 10       518/899
1 1 8 8 9 9         232/899
1 1 8 8 9 10        391/899
1 1 8 8 10 10       370/899
1 1 8 9 9 10        353/899
1 1 8 9 10 10       387/899
1 1 9 9 10 10       232/899
1 2 2 3 3 4          36/899
1 2 2 3 3 5          60/899
1 2 2 3 3 6          72/899
1 2 2 3 3 7         105/899
1 2 2 3 3 8         127/899
1 2 2 3 3 9         132/899
1 2 2 3 3 10        160/899
1 2 2 3 4 4          55/899
1 2 2 3 4 5         106/899
1 2 2 3 4 6         117/899
1 2 2 3 4 7         158/899
1 2 2 3 4 8         166/899
1 2 2 3 4 9         214/899
1 2 2 3 4 10        228/899
1 2 2 3 5 5         119/899
1 2 2 3 5 6         170/899
1 2 2 3 5 7         209/899
1 2 2 3 5 8         246/899
1 2 2 3 5 9         269/899
1 2 2 3 5 10        280/899
1 2 2 3 6 6         161/899
1 2 2 3 6 7         246/899
1 2 2 3 6 8         262/899
1 2 2 3 6 9         303/899
1 2 2 3 6 10        329/899
1 2 2 3 7 7         239/899
1 2 2 3 7 8         333/899
1 2 2 3 7 9         361/899
1 2 2 3 7 10        401/899
1 2 2 3 8 8         310/899
1 2 2 3 8 9         416/899
1 2 2 3 8 10        429/899
1 2 2 3 9 9         366/899
1 2 2 3 9 10        480/899
1 2 2 3 10 10       419/899
1 2 2 4 4 5         121/899
1 2 2 4 4 6         133/899
1 2 2 4 4 7         174/899
1 2 2 4 4 8         155/899
1 2 2 4 4 9         216/899
1 2 2 4 4 10        229/899
1 2 2 4 5 5         160/899
1 2 2 4 5 6         220/899
1 2 2 4 5 7         266/899
1 2 2 4 5 8         273/899
1 2 2 4 5 9         330/899
1 2 2 4 5 10        331/899
1 2 2 4 6 6         204/899
1 2 2 4 6 7         299/899
1 2 2 4 6 8         292/899
1 2 2 4 6 9         372/899
1 2 2 4 6 10        377/899
1 2 2 4 7 7         292/899
1 2 2 4 7 8         364/899
1 2 2 4 7 9         412/899
1 2 2 4 7 10        449/899
1 2 2 4 8 8         278/899
1 2 2 4 8 9         418/899
1 2 2 4 8 10        422/899
1 2 2 4 9 9         396/899
1 2 2 4 9 10        516/899
1 2 2 4 10 10       430/899
1 2 2 5 5 6         243/899
1 2 2 5 5 7         274/899
1 2 2 5 5 8         320/899
1 2 2 5 5 9         328/899
1 2 2 5 5 10        309/899
1 2 2 5 6 6         283/899
1 2 2 5 6 7         387/899
1 2 2 5 6 8         416/899
1 2 2 5 6 9         461/899
1 2 2 5 6 10        446/899
1 2 2 5 7 7         344/899
1 2 2 5 7 8         463/899
1 2 2 5 7 9         481/899
1 2 2 5 7 10        511/899
1 2 2 5 8 8         421/899
1 2 2 5 8 9         548/899
1 2 2 5 8 10        530/899
1 2 2 5 9 9         444/899
1 2 2 5 9 10        573/899
1 2 2 5 10 10       430/899
1 2 2 6 6 7         350/899
1 2 2 6 6 8         361/899
1 2 2 6 6 9         419/899
1 2 2 6 6 10        416/899
1 2 2 6 7 7         394/899
1 2 2 6 7 8         507/899
1 2 2 6 7 9         563/899
1 2 2 6 7 10        580/899
1 2 2 6 8 8         425/899
1 2 2 6 8 9         574/899
1 2 2 6 8 10        554/899
1 2 2 6 9 9         511/899
1 2 2 6 9 10        593/899
1 2 2 6 10 10       475/899
1 2 2 7 7 8         466/899
1 2 2 7 7 9         462/899
1 2 2 7 7 10        503/899
1 2 2 7 8 8         482/899
1 2 2 7 8 9         581/899
1 2 2 7 8 10        602/899
1 2 2 7 9 9         452/899
1 2 2 7 9 10        625/899
1 2 2 7 10 10       561/899
1 2 2 8 8 9         466/899
1 2 2 8 8 10        469/899
1 2 2 8 9 9         493/899
1 2 2 8 9 10        635/899
1 2 2 8 10 10       516/899
1 2 2 9 9 10        527/899
1 2 2 9 10 10       539/899
1 2 3 3 4 4         113/899
1 2 3 3 4 5         177/899
1 2 3 3 4 6         187/899
1 2 3 3 4 7         243/899
1 2 3 3 4 8         274/899
1 2 3 3 4 9         282/899
1 2 3 3 4 10        336/899
1 2 3 3 5 5         171/899
1 2 3 3 5 6         240/899
1 2 3 3 5 7         286/899
1 2 3 3 5 8         334/899
1 2 3 3 5 9         318/899
1 2 3 3 5 10        376/899
1 2 3 3 6 6         217/899
1 2 3 3 6 7         319/899
1 2 3 3 6 8         357/899
1 2 3 3 6 9         340/899
1 2 3 3 6 10        406/899
1 2 3 3 7 7         304/899
1 2 3 3 7 8         413/899
1 2 3 3 7 9         406/899
1 2 3 3 7 10        475/899
1 2 3 3 8 8         380/899
1 2 3 3 8 9         460/899
1 2 3 3 8 10        535/899
1 2 3 3 9 9         362/899
1 2 3 3 9 10        512/899
1 2 3 3 10 10       476/899
1 2 3 4 4 5         231/899
1 2 3 4 4 6         243/899
1 2 3 4 4 7         301/899
1 2 3 4 4 8         302/899
1 2 3 4 4 9         372/899
1 2 3 4 4 10        396/899
1 2 3 4 5 5         266/899
1 2 3 4 5 6         366/899
1 2 3 4 5 7         423/899
1 2 3 4 5 8         453/899
1 2 3 4 5 9         488/899
1 2 3 4 5 10        499/899
1 2 3 4 6 6         330/899
1 2 3 4 6 7         448/899
1 2 3 4 6 8         467/899
1 2 3 4 6 9         518/899
1 2 3 4 6 10        565/899
1 2 3 4 7 7         430/899
1 2 3 4 7 8         545/899
1 2 3 4 7 9         599/899
1 2 3 4 7 10        632/899
1 2 3 4 8 8         485/899
1 2 3 4 8 9         633/899
1 2 3 4 8 10        634/899
1 2 3 4 9 9         564/899
1 2 3 4 9 10        672/899
1 2 3 4 10 10       598/899
1 2 3 5 5 6         361/899
1 2 3 5 5 7         371/899
1 2 3 5 5 8         427/899
1 2 3 5 5 9         456/899
1 2 3 5 5 10        454/899
1 2 3 5 6 6         399/899
1 2 3 5 6 7         524/899
1 2 3 5 6 8         569/899
1 2 3 5 6 9         585/899
1 2 3 5 6 10        607/899
1 2 3 5 7 7         466/899
1 2 3 5 7 8         607/899
1 2 3 5 7 9         631/899
1 2 3 5 7 10        607/899
1 2 3 5 8 8         553/899
1 2 3 5 8 9         640/899
1 2 3 5 8 10        657/899
1 2 3 5 9 9         585/899
1 2 3 5 9 10        686/899
1 2 3 5 10 10       591/899
1 2 3 6 6 7         487/899
1 2 3 6 6 8         506/899
1 2 3 6 6 9         482/899
1 2 3 6 6 10        530/899
1 2 3 6 7 7         519/899
1 2 3 6 7 8         630/899
1 2 3 6 7 9         605/899
1 2 3 6 7 10        672/899
1 2 3 6 8 8         544/899
1 2 3 6 8 9         654/899
1 2 3 6 8 10        702/899
1 2 3 6 9 9         534/899
1 2 3 6 9 10        687/899
1 2 3 6 10 10       638/899
1 2 3 7 7 8         565/899
1 2 3 7 7 9         593/899
1 2 3 7 7 10        606/899
1 2 3 7 8 8         610/899
1 2 3 7 8 9         709/899
1 2 3 7 8 10        732/899
1 2 3 7 9 9         641/899
1 2 3 7 9 10        763/899
1 2 3 7 10 10       708/899
1 2 3 8 8 9         647/899
1 2 3 8 8 10        674/899
1 2 3 8 9 9         671/899
1 2 3 8 9 10        821/899
1 2 3 8 10 10       730/899
1 2 3 9 9 10        683/899
1 2 3 9 10 10       717/899
1 2 4 4 5 5         288/899
1 2 4 4 5 6         360/899
1 2 4 4 5 7         410/899
1 2 4 4 5 8         403/899
1 2 4 4 5 9         481/899
1 2 4 4 5 10        467/899
1 2 4 4 6 6         304/899
1 2 4 4 6 7         433/899
1 2 4 4 6 8         394/899
1 2 4 4 6 9         487/899
1 2 4 4 6 10        486/899
1 2 4 4 7 7         404/899
1 2 4 4 7 8         471/899
1 2 4 4 7 9         529/899
1 2 4 4 7 10        517/899
1 2 4 4 8 8         321/899
1 2 4 4 8 9         480/899
1 2 4 4 8 10        462/899
1 2 4 4 9 9         479/899
1 2 4 4 9 10        583/899
1 2 4 4 10 10       500/899
1 2 4 5 5 6         417/899
1 2 4 5 5 7         455/899
1 2 4 5 5 8         479/899
1 2 4 5 5 9         512/899
1 2 4 5 5 10        462/899
1 2 4 5 6 6         449/899
1 2 4 5 6 7         585/899
1 2 4 5 6 8         563/899
1 2 4 5 6 9         591/899
1 2 4 5 6 10        568/899
1 2 4 5 7 7         513/899
1 2 4 5 7 8         586/899
1 2 4 5 7 9         621/899
1 2 4 5 7 10        642/899
1 2 4 5 8 8         524/899
1 2 4 5 8 9         672/899
1 2 4 5 8 10        658/899
1 2 4 5 9 9         600/899
1 2 4 5 9 10        728/899
1 2 4 5 10 10       626/899
1 2 4 6 6 7         499/899
1 2 4 6 6 8         457/899
1 2 4 6 6 9         518/899
1 2 4 6 6 10        542/899
1 2 4 6 7 7         521/899
1 2 4 6 7 8         604/899
1 2 4 6 7 9         677/899
1 2 4 6 7 10        708/899
1 2 4 6 8 8         515/899
1 2 4 6 8 9         690/899
1 2 4 6 8 10        681/899
1 2 4 6 9 9         674/899
1 2 4 6 9 10        734/899
1 2 4 6 10 10       669/899
1 2 4 7 7 8         580/899
1 2 4 7 7 9         595/899
1 2 4 7 7 10        652/899
1 2 4 7 8 8         628/899
1 2 4 7 8 9         735/899
1 2 4 7 8 10        743/899
1 2 4 7 9 9         642/899
1 2 4 7 9 10        795/899
1 2 4 7 10 10       737/899
1 2 4 8 8 9         636/899
1 2 4 8 8 10        622/899
1 2 4 8 9 9         683/899
1 2 4 8 9 10        773/899
1 2 4 8 10 10       679/899
1 2 4 9 9 10        721/899
1 2 4 9 10 10       744/899
1 2 5 5 6 6         418/899
1 2 5 5 6 7         473/899
1 2 5 5 6 8         510/899
1 2 5 5 6 9         544/899
1 2 5 5 6 10        508/899
1 2 5 5 7 7         428/899
1 2 5 5 7 8         553/899
1 2 5 5 7 9         568/899
1 2 5 5 7 10        554/899
1 2 5 5 8 8         504/899
1 2 5 5 8 9         635/899
1 2 5 5 8 10        603/899
1 2 5 5 9 9         548/899
1 2 5 5 9 10        635/899
1 2 5 5 10 10       468/899
1 2 5 6 6 7         519/899
1 2 5 6 6 8         570/899
1 2 5 6 6 9         588/899
1 2 5 6 6 10        596/899
1 2 5 6 7 7         556/899
1 2 5 6 7 8         697/899
1 2 5 6 7 9         728/899
1 2 5 6 7 10        736/899
1 2 5 6 8 8         643/899
1 2 5 6 8 9         784/899
1 2 5 6 8 10        774/899
1 2 5 6 9 9         708/899
1 2 5 6 9 10        798/899
1 2 5 6 10 10       655/899
1 2 5 7 7 8         636/899
1 2 5 7 7 9         669/899
1 2 5 7 7 10        677/899
1 2 5 7 8 8         692/899
1 2 5 7 8 9         781/899
1 2 5 7 8 10        803/899
1 2 5 7 9 9         711/899
1 2 5 7 9 10        804/899
1 2 5 7 10 10       710/899
1 2 5 8 8 9         729/899
1 2 5 8 8 10        714/899
1 2 5 8 9 9         721/899
1 2 5 8 9 10        832/899
1 2 5 8 10 10       737/899
1 2 5 9 9 10        721/899
1 2 5 9 10 10       739/899
1 2 6 6 7 7         474/899
1 2 6 6 7 8         606/899
1 2 6 6 7 9         663/899
1 2 6 6 7 10        702/899
1 2 6 6 8 8         537/899
1 2 6 6 8 9         680/899
1 2 6 6 8 10        698/899
1 2 6 6 9 9         587/899
1 2 6 6 9 10        712/899
1 2 6 6 10 10       623/899
1 2 6 7 7 8         648/899
1 2 6 7 7 9         699/899
1 2 6 7 7 10        747/899
1 2 6 7 8 8         693/899
1 2 6 7 8 9         825/899
1 2 6 7 8 10        815/899
1 2 6 7 9 9         726/899
1 2 6 7 9 10        849/899
1 2 6 7 10 10       772/899
1 2 6 8 8 9         729/899
1 2 6 8 8 10        736/899
1 2 6 8 9 9         762/899
1 2 6 8 9 10        846/899
1 2 6 8 10 10       757/899
1 2 6 9 9 10        792/899
1 2 6 9 10 10       775/899
1 2 7 7 8 8         560/899
1 2 7 7 8 9         705/899
1 2 7 7 8 10        749/899
1 2 7 7 9 9         604/899
1 2 7 7 9 10        752/899
1 2 7 7 10 10       690/899
1 2 7 8 8 9         692/899
1 2 7 8 8 10        743/899
1 2 7 8 9 9         698/899
1 2 7 8 9 10        845/899
1 2 7 8 10 10       796/899
1 2 7 9 9 10        755/899
1 2 7 9 10 10       779/899
1 2 8 8 9 9         541/899
1 2 8 8 9 10        720/899
1 2 8 8 10 10       631/899
1 2 8 9 9 10        695/899
1 2 8 9 10 10       748/899
1 2 9 9 10 10       546/899
1 3 3 4 4 5         230/899
1 3 3 4 4 6         247/899
1 3 3 4 4 7         286/899
1 3 3 4 4 8         302/899
1 3 3 4 4 9         322/899
1 3 3 4 4 10        400/899
1 3 3 4 5 5         274/899
1 3 3 4 5 6         342/899
1 3 3 4 5 7         404/899
1 3 3 4 5 8         436/899
1 3 3 4 5 9         443/899
1 3 3 4 5 10        492/899
1 3 3 4 6 6         290/899
1 3 3 4 6 7         417/899
1 3 3 4 6 8         458/899
1 3 3 4 6 9         434/899
1 3 3 4 6 10        542/899
1 3 3 4 7 7         406/899
1 3 3 4 7 8         522/899
1 3 3 4 7 9         515/899
1 3 3 4 7 10        601/899
1 3 3 4 8 8         454/899
1 3 3 4 8 9         562/899
1 3 3 4 8 10        607/899
1 3 3 4 9 9         432/899
1 3 3 4 9 10        568/899
1 3 3 4 10 10       540/899
1 3 3 5 5 6         326/899
1 3 3 5 5 7         379/899
1 3 3 5 5 8         405/899
1 3 3 5 5 9         408/899
1 3 3 5 5 10        434/899
1 3 3 5 6 6         350/899
1 3 3 5 6 7         497/899
1 3 3 5 6 8         533/899
1 3 3 5 6 9         490/899
1 3 3 5 6 10        564/899
1 3 3 5 7 7         442/899
1 3 3 5 7 8         589/899
1 3 3 5 7 9         566/899
1 3 3 5 7 10        565/899
1 3 3 5 8 8         506/899
1 3 3 5 8 9         565/899
1 3 3 5 8 10        603/899
1 3 3 5 9 9         437/899
1 3 3 5 9 10        609/899
1 3 3 5 10 10       536/899
1 3 3 6 6 7         393/899
1 3 3 6 6 8         425/899
1 3 3 6 6 9         355/899
1 3 3 6 6 10        429/899
1 3 3 6 7 7         448/899
1 3 3 6 7 8         554/899
1 3 3 6 7 9         492/899
1 3 3 6 7 10        593/899
1 3 3 6 8 8         482/899
1 3 3 6 8 9         531/899
1 3 3 6 8 10        650/899
1 3 3 6 9 9         400/899
1 3 3 6 9 10        590/899
1 3 3 6 10 10       592/899
1 3 3 7 7 8         467/899
1 3 3 7 7 9         479/899
1 3 3 7 7 10        536/899
1 3 3 7 8 8         514/899
1 3 3 7 8 9         640/899
1 3 3 7 8 10        673/899
1 3 3 7 9 9         490/899
1 3 3 7 9 10        684/899
1 3 3 7 10 10       609/899
1 3 3 8 8 9         547/899
1 3 3 8 8 10        618/899
1 3 3 8 9 9         535/899
1 3 3 8 9 10        722/899
1 3 3 8 10 10       633/899
1 3 3 9 9 10        526/899
1 3 3 9 10 10       600/899
1 3 4 4 5 5         303/899
1 3 4 4 5 6         424/899
1 3 4 4 5 7         470/899
1 3 4 4 5 8         470/899
1 3 4 4 5 9         524/899
1 3 4 4 5 10        554/899
1 3 4 4 6 6         365/899
1 3 4 4 6 7         523/899
1 3 4 4 6 8         502/899
1 3 4 4 6 9         549/899
1 3 4 4 6 10        598/899
1 3 4 4 7 7         437/899
1 3 4 4 7 8         548/899
1 3 4 4 7 9         588/899
1 3 4 4 7 10        599/899
1 3 4 4 8 8         422/899
1 3 4 4 8 9         548/899
1 3 4 4 8 10        585/899
1 3 4 4 9 9         476/899
1 3 4 4 9 10        604/899
1 3 4 4 10 10       546/899
1 3 4 5 5 6         488/899
1 3 4 5 5 7         512/899
1 3 4 5 5 8         535/899
1 3 4 5 5 9         574/899
1 3 4 5 5 10        539/899
1 3 4 5 6 6         520/899
1 3 4 5 6 7         675/899
1 3 4 5 6 8         697/899
1 3 4 5 6 9         660/899
1 3 4 5 6 10        670/899
1 3 4 5 7 7         581/899
1 3 4 5 7 8         688/899
1 3 4 5 7 9         710/899
1 3 4 5 7 10        706/899
1 3 4 5 8 8         593/899
1 3 4 5 8 9         678/899
1 3 4 5 8 10        702/899
1 3 4 5 9 9         615/899
1 3 4 5 9 10        706/899
1 3 4 5 10 10       638/899
1 3 4 6 6 7         557/899
1 3 4 6 6 8         546/899
1 3 4 6 6 9         532/899
1 3 4 6 6 10        577/899
1 3 4 6 7 7         593/899
1 3 4 6 7 8         682/899
1 3 4 6 7 9         686/899
1 3 4 6 7 10        742/899
1 3 4 6 8 8         583/899
1 3 4 6 8 9         712/899
1 3 4 6 8 10        744/899
1 3 4 6 9 9         596/899
1 3 4 6 9 10        753/899
1 3 4 6 10 10       734/899
1 3 4 7 7 8         596/899
1 3 4 7 7 9         653/899
1 3 4 7 7 10        664/899
1 3 4 7 8 8         630/899
1 3 4 7 8 9         769/899
1 3 4 7 8 10        804/899
1 3 4 7 9 9         684/899
1 3 4 7 9 10        811/899
1 3 4 7 10 10       734/899
1 3 4 8 8 9         670/899
1 3 4 8 8 10        727/899
1 3 4 8 9 9         705/899
1 3 4 8 9 10        810/899
1 3 4 8 10 10       764/899
1 3 4 9 9 10        707/899
1 3 4 9 10 10       763/899
1 3 5 5 6 6         461/899
1 3 5 5 6 7         558/899
1 3 5 5 6 8         579/899
1 3 5 5 6 9         594/899
1 3 5 5 6 10        587/899
1 3 5 5 7 7         476/899
1 3 5 5 7 8         634/899
1 3 5 5 7 9         647/899
1 3 5 5 7 10        606/899
1 3 5 5 8 8         525/899
1 3 5 5 8 9         645/899
1 3 5 5 8 10        618/899
1 3 5 5 9 9         554/899
1 3 5 5 9 10        656/899
1 3 5 5 10 10       501/899
1 3 5 6 6 7         584/899
1 3 5 6 6 8         633/899
1 3 5 6 6 9         585/899
1 3 5 6 6 10        621/899
1 3 5 6 7 7         616/899
1 3 5 6 7 8         753/899
1 3 5 6 7 9         741/899
1 3 5 6 7 10        734/899
1 3 5 6 8 8         662/899
1 3 5 6 8 9         753/899
1 3 5 6 8 10        768/899
1 3 5 6 9 9         639/899
1 3 5 6 9 10        793/899
1 3 5 6 10 10       710/899
1 3 5 7 7 8         655/899
1 3 5 7 7 9         671/899
1 3 5 7 7 10        671/899
1 3 5 7 8 8         690/899
1 3 5 7 8 9         803/899
1 3 5 7 8 10        809/899
1 3 5 7 9 9         715/899
1 3 5 7 9 10        819/899
1 3 5 7 10 10       736/899
1 3 5 8 8 9         712/899
1 3 5 8 8 10        735/899
1 3 5 8 9 9         726/899
1 3 5 8 9 10        817/899
1 3 5 8 10 10       738/899
1 3 5 9 9 10        739/899
1 3 5 9 10 10       746/899
1 3 6 6 7 7         513/899
1 3 6 6 7 8         652/899
1 3 6 6 7 9         604/899
1 3 6 6 7 10        677/899
1 3 6 6 8 8         559/899
1 3 6 6 8 9         654/899
1 3 6 6 8 10        707/899
1 3 6 6 9 9         492/899
1 3 6 6 9 10        665/899
1 3 6 6 10 10       648/899
1 3 6 7 7 8         652/899
1 3 6 7 7 9         668/899
1 3 6 7 7 10        708/899
1 3 6 7 8 8         678/899
1 3 6 7 8 9         770/899
1 3 6 7 8 10        787/899
1 3 6 7 9 9         666/899
1 3 6 7 9 10        805/899
1 3 6 7 10 10       781/899
1 3 6 8 8 9         717/899
1 3 6 8 8 10        748/899
1 3 6 8 9 9         686/899
1 3 6 8 9 10        821/899
1 3 6 8 10 10       787/899
1 3 6 9 9 10        703/899
1 3 6 9 10 10       790/899
1 3 7 7 8 8         570/899
1 3 7 7 8 9         689/899
1 3 7 7 8 10        726/899
1 3 7 7 9 9         607/899
1 3 7 7 9 10        752/899
1 3 7 7 10 10       623/899
1 3 7 8 8 9         704/899
1 3 7 8 8 10        745/899
1 3 7 8 9 9         723/899
1 3 7 8 9 10        829/899
1 3 7 8 10 10       799/899
1 3 7 9 9 10        776/899
1 3 7 9 10 10       784/899
1 3 8 8 9 9         618/899
1 3 8 8 9 10        767/899
1 3 8 8 10 10       702/899
1 3 8 9 9 10        775/899
1 3 8 9 10 10       783/899
1 3 9 9 10 10       627/899
1 4 4 5 5 6         410/899
1 4 4 5 5 7         469/899
1 4 4 5 5 8         445/899
1 4 4 5 5 9         456/899
1 4 4 5 5 10        446/899
1 4 4 5 6 6         456/899
1 4 4 5 6 7         636/899
1 4 4 5 6 8         580/899
1 4 4 5 6 9         603/899
1 4 4 5 6 10        572/899
1 4 4 5 7 7         508/899
1 4 4 5 7 8         599/899
1 4 4 5 7 9         617/899
1 4 4 5 7 10        634/899
1 4 4 5 8 8         446/899
1 4 4 5 8 9         586/899
1 4 4 5 8 10        605/899
1 4 4 5 9 9         500/899
1 4 4 5 9 10        653/899
1 4 4 5 10 10       556/899
1 4 4 6 6 7         514/899
1 4 4 6 6 8         459/899
1 4 4 6 6 9         517/899
1 4 4 6 6 10        517/899
1 4 4 6 7 7         516/899
1 4 4 6 7 8         619/899
1 4 4 6 7 9         666/899
1 4 4 6 7 10        657/899
1 4 4 6 8 8         456/899
1 4 4 6 8 9         642/899
1 4 4 6 8 10        641/899
1 4 4 6 9 9         582/899
1 4 4 6 9 10        713/899
1 4 4 6 10 10       579/899
1 4 4 7 7 8         517/899
1 4 4 7 7 9         552/899
1 4 4 7 7 10        589/899
1 4 4 7 8 8         483/899
1 4 4 7 8 9         637/899
1 4 4 7 8 10        691/899
1 4 4 7 9 9         574/899
1 4 4 7 9 10        725/899
1 4 4 7 10 10       639/899
1 4 4 8 8 9         498/899
1 4 4 8 8 10        539/899
1 4 4 8 9 9         548/899
1 4 4 8 9 10        676/899
1 4 4 8 10 10       597/899
1 4 4 9 9 10        615/899
1 4 4 9 10 10       648/899
1 4 5 5 6 6         447/899
1 4 5 5 6 7         606/899
1 4 5 5 6 8         599/899
1 4 5 5 6 9         580/899
1 4 5 5 6 10        526/899
1 4 5 5 7 7         507/899
1 4 5 5 7 8         603/899
1 4 5 5 7 9         645/899
1 4 5 5 7 10        606/899
1 4 5 5 8 8         509/899
1 4 5 5 8 9         623/899
1 4 5 5 8 10        628/899
1 4 5 5 9 9         539/899
1 4 5 5 9 10        626/899
1 4 5 5 10 10       488/899
1 4 5 6 6 7         587/899
1 4 5 6 6 8         600/899
1 4 5 6 6 9         603/899
1 4 5 6 6 10        581/899
1 4 5 6 7 7         592/899
1 4 5 6 7 8         701/899
1 4 5 6 7 9         708/899
1 4 5 6 7 10        733/899
1 4 5 6 8 8         620/899
1 4 5 6 8 9         739/899
1 4 5 6 8 10        751/899
1 4 5 6 9 9         648/899
1 4 5 6 9 10        757/899
1 4 5 6 10 10       675/899
1 4 5 7 7 8         605/899
1 4 5 7 7 9         647/899
1 4 5 7 7 10        684/899
1 4 5 7 8 8         627/899
1 4 5 7 8 9         740/899
1 4 5 7 8 10        773/899
1 4 5 7 9 9         694/899
1 4 5 7 9 10        804/899
1 4 5 7 10 10       745/899
1 4 5 8 8 9         677/899
1 4 5 8 8 10        712/899
1 4 5 8 9 9         682/899
1 4 5 8 9 10        793/899
1 4 5 8 10 10       747/899
1 4 5 9 9 10        693/899
1 4 5 9 10 10       712/899
1 4 6 6 7 7         501/899
1 4 6 6 7 8         604/899
1 4 6 6 7 9         617/899
1 4 6 6 7 10        676/899
1 4 6 6 8 8         518/899
1 4 6 6 8 9         658/899
1 4 6 6 8 10        677/899
1 4 6 6 9 9         558/899
1 4 6 6 9 10        695/899
1 4 6 6 10 10       626/899
1 4 6 7 7 8         613/899
1 4 6 7 7 9         663/899
1 4 6 7 7 10        717/899
1 4 6 7 8 8         652/899
1 4 6 7 8 9         778/899
1 4 6 7 8 10        803/899
1 4 6 7 9 9         715/899
1 4 6 7 9 10        834/899
1 4 6 7 10 10       764/899
1 4 6 8 8 9         725/899
1 4 6 8 8 10        714/899
1 4 6 8 9 9         759/899
1 4 6 8 9 10        814/899
1 4 6 8 10 10       770/899
1 4 6 9 9 10        760/899
1 4 6 9 10 10       800/899
1 4 7 7 8 8         574/899
1 4 7 7 8 9         722/899
1 4 7 7 8 10        740/899
1 4 7 7 9 9         647/899
1 4 7 7 9 10        756/899
1 4 7 7 10 10       707/899
1 4 7 8 8 9         716/899
1 4 7 8 8 10        757/899
1 4 7 8 9 9         737/899
1 4 7 8 9 10        845/899
1 4 7 8 10 10       817/899
1 4 7 9 9 10        802/899
1 4 7 9 10 10       836/899
1 4 8 8 9 9         597/899
1 4 8 8 9 10        770/899
1 4 8 8 10 10       670/899
1 4 8 9 9 10        753/899
1 4 8 9 10 10       821/899
1 4 9 9 10 10       631/899
1 5 5 6 6 7         440/899
1 5 5 6 6 8         519/899
1 5 5 6 6 9         507/899
1 5 5 6 6 10        490/899
1 5 5 6 7 7         462/899
1 5 5 6 7 8         600/899
1 5 5 6 7 9         642/899
1 5 5 6 7 10        631/899
1 5 5 6 8 8         550/899
1 5 5 6 8 9         685/899
1 5 5 6 8 10        665/899
1 5 5 6 9 9         574/899
1 5 5 6 9 10        641/899
1 5 5 6 10 10       514/899
1 5 5 7 7 8         544/899
1 5 5 7 7 9         573/899
1 5 5 7 7 10        600/899
1 5 5 7 8 8         581/899
1 5 5 7 8 9         695/899
1 5 5 7 8 10        723/899
1 5 5 7 9 9         626/899
1 5 5 7 9 10        745/899
1 5 5 7 10 10       593/899
1 5 5 8 8 9         610/899
1 5 5 8 8 10        640/899
1 5 5 8 9 9         644/899
1 5 5 8 9 10        727/899
1 5 5 8 10 10       611/899
1 5 5 9 9 10        623/899
1 5 5 9 10 10       560/899
1 5 6 6 7 7         427/899
1 5 6 6 7 8         596/899
1 5 6 6 7 9         642/899
1 5 6 6 7 10        686/899
1 5 6 6 8 8         567/899
1 5 6 6 8 9         688/899
1 5 6 6 8 10        723/899
1 5 6 6 9 9         595/899
1 5 6 6 9 10        717/899
1 5 6 6 10 10       592/899
1 5 6 7 7 8         624/899
1 5 6 7 7 9         678/899
1 5 6 7 7 10        712/899
1 5 6 7 8 8         676/899
1 5 6 7 8 9         801/899
1 5 6 7 8 10        834/899
1 5 6 7 9 9         769/899
1 5 6 7 9 10        836/899
1 5 6 7 10 10       771/899
1 5 6 8 8 9         766/899
1 5 6 8 8 10        782/899
1 5 6 8 9 9         783/899
1 5 6 8 9 10        849/899
1 5 6 8 10 10       796/899
1 5 6 9 9 10        766/899
1 5 6 9 10 10       738/899
1 5 7 7 8 8         615/899
1 5 7 7 8 9         757/899
1 5 7 7 8 10        766/899
1 5 7 7 9 9         649/899
1 5 7 7 9 10        798/899
1 5 7 7 10 10       694/899
1 5 7 8 8 9         759/899
1 5 7 8 8 10        788/899
1 5 7 8 9 9         768/899
1 5 7 8 9 10        856/899
1 5 7 8 10 10       827/899
1 5 7 9 9 10        815/899
1 5 7 9 10 10       839/899
1 5 8 8 9 9         621/899
1 5 8 8 9 10        798/899
1 5 8 8 10 10       724/899
1 5 8 9 9 10        756/899
1 5 8 9 10 10       804/899
1 5 9 9 10 10       602/899
1 6 6 7 7 8         468/899
1 6 6 7 7 9         592/899
1 6 6 7 7 10        652/899
1 6 6 7 8 8         563/899
1 6 6 7 8 9         741/899
1 6 6 7 8 10        773/899
1 6 6 7 9 9         642/899
1 6 6 7 9 10        789/899
1 6 6 7 10 10       715/899
1 6 6 8 8 9         672/899
1 6 6 8 8 10        683/899
1 6 6 8 9 9         679/899
1 6 6 8 9 10        801/899
1 6 6 8 10 10       718/899
1 6 6 9 9 10        671/899
1 6 6 9 10 10       699/899
1 6 7 7 8 8         492/899
1 6 7 7 8 9         703/899
1 6 7 7 8 10        774/899
1 6 7 7 9 9         685/899
1 6 7 7 9 10        795/899
1 6 7 7 10 10       713/899
1 6 7 8 8 9         738/899
1 6 7 8 8 10        790/899
1 6 7 8 9 9         761/899
1 6 7 8 9 10        862/899
1 6 7 8 10 10       825/899
1 6 7 9 9 10        809/899
1 6 7 9 10 10       838/899
1 6 8 8 9 9         657/899
1 6 8 8 9 10        787/899
1 6 8 8 10 10       695/899
1 6 8 9 9 10        809/899
1 6 8 9 10 10       826/899
1 6 9 9 10 10       687/899
1 7 7 8 8 9         480/899
1 7 7 8 8 10        623/899
1 7 7 8 9 9         561/899
1 7 7 8 9 10        758/899
1 7 7 8 10 10       714/899
1 7 7 9 9 10        686/899
1 7 7 9 10 10       711/899
1 7 8 8 9 9         436/899
1 7 8 8 9 10        679/899
1 7 8 8 10 10       675/899
1 7 8 9 9 10        680/899
1 7 8 9 10 10       764/899
1 7 9 9 10 10       601/899
1 8 8 9 9 10        414/899
1 8 8 9 10 10       519/899
1 8 9 9 10 10       413/899
2 2 3 3 4 4          99/899
2 2 3 3 4 5         164/899
2 2 3 3 4 6         163/899
2 2 3 3 4 7         237/899
2 2 3 3 4 8         229/899
2 2 3 3 4 9         267/899
2 2 3 3 4 10        301/899
2 2 3 3 5 5         184/899
2 2 3 3 5 6         218/899
2 2 3 3 5 7         305/899
2 2 3 3 5 8         327/899
2 2 3 3 5 9         328/899
2 2 3 3 5 10        354/899
2 2 3 3 6 6         186/899
2 2 3 3 6 7         304/899
2 2 3 3 6 8         308/899
2 2 3 3 6 9         307/899
2 2 3 3 6 10        367/899
2 2 3 3 7 7         317/899
2 2 3 3 7 8         404/899
2 2 3 3 7 9         398/899
2 2 3 3 7 10        477/899
2 2 3 3 8 8         352/899
2 2 3 3 8 9         433/899
2 2 3 3 8 10        484/899
2 2 3 3 9 9         340/899
2 2 3 3 9 10        492/899
2 2 3 3 10 10       453/899
2 2 3 4 4 5         191/899
2 2 3 4 4 6         205/899
2 2 3 4 4 7         262/899
2 2 3 4 4 8         244/899
2 2 3 4 4 9         317/899
2 2 3 4 4 10        320/899
2 2 3 4 5 5         251/899
2 2 3 4 5 6         303/899
2 2 3 4 5 7         385/899
2 2 3 4 5 8         381/899
2 2 3 4 5 9         454/899
2 2 3 4 5 10        426/899
2 2 3 4 6 6         269/899
2 2 3 4 6 7         392/899
2 2 3 4 6 8         381/899
2 2 3 4 6 9         440/899
2 2 3 4 6 10        465/899
2 2 3 4 7 7         402/899
2 2 3 4 7 8         472/899
2 2 3 4 7 9         554/899
2 2 3 4 7 10        558/899
2 2 3 4 8 8         389/899
2 2 3 4 8 9         536/899
2 2 3 4 8 10        525/899
2 2 3 4 9 9         525/899
2 2 3 4 9 10        602/899
2 2 3 4 10 10       507/899
2 2 3 5 5 6         334/899
2 2 3 5 5 7         389/899
2 2 3 5 5 8         405/899
2 2 3 5 5 9         457/899
2 2 3 5 5 10        419/899
2 2 3 5 6 6         346/899
2 2 3 5 6 7         486/899
2 2 3 5 6 8         496/899
2 2 3 5 6 9         537/899
2 2 3 5 6 10        540/899
2 2 3 5 7 7         463/899
2 2 3 5 7 8         577/899
2 2 3 5 7 9         629/899
2 2 3 5 7 10        603/899
2 2 3 5 8 8         509/899
2 2 3 5 8 9         641/899
2 2 3 5 8 10        606/899
2 2 3 5 9 9         549/899
2 2 3 5 9 10        664/899
2 2 3 5 10 10       537/899
2 2 3 6 6 7         426/899
2 2 3 6 6 8         414/899
2 2 3 6 6 9         432/899
2 2 3 6 6 10        458/899
2 2 3 6 7 7         493/899
2 2 3 6 7 8         571/899
2 2 3 6 7 9         602/899
2 2 3 6 7 10        639/899
2 2 3 6 8 8         464/899
2 2 3 6 8 9         591/899
2 2 3 6 8 10        597/899
2 2 3 6 9 9         500/899
2 2 3 6 9 10        623/899
2 2 3 6 10 10       541/899
2 2 3 7 7 8         547/899
2 2 3 7 7 9         567/899
2 2 3 7 7 10        597/899
2 2 3 7 8 8         575/899
2 2 3 7 8 9         699/899
2 2 3 7 8 10        674/899
2 2 3 7 9 9         587/899
2 2 3 7 9 10        743/899
2 2 3 7 10 10       636/899
2 2 3 8 8 9         585/899
2 2 3 8 8 10        549/899
2 2 3 8 9 9         621/899
2 2 3 8 9 10        731/899
2 2 3 8 10 10       588/899
2 2 3 9 9 10        643/899
2 2 3 9 10 10       665/899
2 2 4 4 5 5         207/899
2 2 4 4 5 6         268/899
2 2 4 4 5 7         328/899
2 2 4 4 5 8         296/899
2 2 4 4 5 9         369/899
2 2 4 4 5 10        351/899
2 2 4 4 6 6         209/899
2 2 4 4 6 7         325/899
2 2 4 4 6 8         271/899
2 2 4 4 6 9         367/899
2 2 4 4 6 10        338/899
2 2 4 4 7 7         300/899
2 2 4 4 7 8         342/899
2 2 4 4 7 9         432/899
2 2 4 4 7 10        420/899
2 2 4 4 8 8         208/899
2 2 4 4 8 9         350/899
2 2 4 4 8 10        323/899
2 2 4 4 9 9         375/899
2 2 4 4 9 10        459/899
2 2 4 4 10 10       342/899
2 2 4 5 5 6         327/899
2 2 4 5 5 7         416/899
2 2 4 5 5 8         383/899
2 2 4 5 5 9         467/899
2 2 4 5 5 10        389/899
2 2 4 5 6 6         350/899
2 2 4 5 6 7         484/899
2 2 4 5 6 8         461/899
2 2 4 5 6 9         528/899
2 2 4 5 6 10        484/899
2 2 4 5 7 7         482/899
2 2 4 5 7 8         512/899
2 2 4 5 7 9         627/899
2 2 4 5 7 10        581/899
2 2 4 5 8 8         415/899
2 2 4 5 8 9         574/899
2 2 4 5 8 10        536/899
2 2 4 5 9 9         591/899
2 2 4 5 9 10        643/899
2 2 4 5 10 10       505/899
2 2 4 6 6 7         399/899
2 2 4 6 6 8         331/899
2 2 4 6 6 9         416/899
2 2 4 6 6 10        392/899
2 2 4 6 7 7         457/899
2 2 4 6 7 8         496/899
2 2 4 6 7 9         595/899
2 2 4 6 7 10        576/899
2 2 4 6 8 8         357/899
2 2 4 6 8 9         541/899
2 2 4 6 8 10        482/899
2 2 4 6 9 9         549/899
2 2 4 6 9 10        598/899
2 2 4 6 10 10       452/899
2 2 4 7 7 8         495/899
2 2 4 7 7 9         583/899
2 2 4 7 7 10        568/899
2 2 4 7 8 8         481/899
2 2 4 7 8 9         632/899
2 2 4 7 8 10        603/899
2 2 4 7 9 9         608/899
2 2 4 7 9 10        705/899
2 2 4 7 10 10       592/899
2 2 4 8 8 9         465/899
2 2 4 8 8 10        409/899
2 2 4 8 9 9         557/899
2 2 4 8 9 10        623/899
2 2 4 8 10 10       463/899
2 2 4 9 9 10        639/899
2 2 4 9 10 10       615/899
2 2 5 5 6 6         366/899
2 2 5 5 6 7         488/899
2 2 5 5 6 8         467/899
2 2 5 5 6 9         539/899
2 2 5 5 6 10        464/899
2 2 5 5 7 7         405/899
2 2 5 5 7 8         542/899
2 2 5 5 7 9         562/899
2 2 5 5 7 10        518/899
2 2 5 5 8 8         449/899
2 2 5 5 8 9         618/899
2 2 5 5 8 10        534/899
2 2 5 5 9 9         493/899
2 2 5 5 9 10        581/899
2 2 5 5 10 10       393/899
2 2 5 6 6 7         510/899
2 2 5 6 6 8         478/899
2 2 5 6 6 9         545/899
2 2 5 6 6 10        511/899
2 2 5 6 7 7         548/899
2 2 5 6 7 8         638/899
2 2 5 6 7 9         717/899
2 2 5 6 7 10        676/899
2 2 5 6 8 8         533/899
2 2 5 6 8 9         710/899
2 2 5 6 8 10        646/899
2 2 5 6 9 9         675/899
2 2 5 6 9 10        712/899
2 2 5 6 10 10       549/899
2 2 5 7 7 8         614/899
2 2 5 7 7 9         632/899
2 2 5 7 7 10        628/899
2 2 5 7 8 8         616/899
2 2 5 7 8 9         755/899
2 2 5 7 8 10        733/899
2 2 5 7 9 9         629/899
2 2 5 7 9 10        762/899
2 2 5 7 10 10       603/899
2 2 5 8 8 9         646/899
2 2 5 8 8 10        553/899
2 2 5 8 9 9         703/899
2 2 5 8 9 10        774/899
2 2 5 8 10 10       582/899
2 2 5 9 9 10        684/899
2 2 5 9 10 10       652/899
2 2 6 6 7 7         452/899
2 2 6 6 7 8         532/899
2 2 6 6 7 9         597/899
2 2 6 6 7 10        602/899
2 2 6 6 8 8         366/899
2 2 6 6 8 9         551/899
2 2 6 6 8 10        495/899
2 2 6 6 9 9         489/899
2 2 6 6 9 10        595/899
2 2 6 6 10 10       427/899
2 2 6 7 7 8         596/899
2 2 6 7 7 9         658/899
2 2 6 7 7 10        661/899
2 2 6 7 8 8         583/899
2 2 6 7 8 9         752/899
2 2 6 7 8 10        702/899
2 2 6 7 9 9         682/899
2 2 6 7 9 10        791/899
2 2 6 7 10 10       642/899
2 2 6 8 8 9         597/899
2 2 6 8 8 10        493/899
2 2 6 8 9 9         662/899
2 2 6 8 9 10        696/899
2 2 6 8 10 10       527/899
2 2 6 9 9 10        695/899
2 2 6 9 10 10       651/899
2 2 7 7 8 8         542/899
2 2 7 7 8 9         673/899
2 2 7 7 8 10        669/899
2 2 7 7 9 9         506/899
2 2 7 7 9 10        707/899
2 2 7 7 10 10       599/899
2 2 7 8 8 9         669/899
2 2 7 8 8 10        615/899
2 2 7 8 9 9         678/899
2 2 7 8 9 10        790/899
2 2 7 8 10 10       644/899
2 2 7 9 9 10        692/899
2 2 7 9 10 10       728/899
2 2 8 8 9 9         542/899
2 2 8 8 9 10        616/899
2 2 8 8 10 10       432/899
2 2 8 9 9 10        689/899
2 2 8 9 10 10       660/899
2 2 9 9 10 10       585/899
2 3 3 4 4 5         296/899
2 3 3 4 4 6         265/899
2 3 3 4 4 7         352/899
2 3 3 4 4 8         339/899
2 3 3 4 4 9         389/899
2 3 3 4 4 10        417/899
2 3 3 4 5 5         332/899
2 3 3 4 5 6         388/899
2 3 3 4 5 7         502/899
2 3 3 4 5 8         506/899
2 3 3 4 5 9         518/899
2 3 3 4 5 10        557/899
2 3 3 4 6 6         323/899
2 3 3 4 6 7         466/899
2 3 3 4 6 8         469/899
2 3 3 4 6 9         484/899
2 3 3 4 6 10        548/899
2 3 3 4 7 7         469/899
2 3 3 4 7 8         597/899
2 3 3 4 7 9         598/899
2 3 3 4 7 10        653/899
2 3 3 4 8 8         506/899
2 3 3 4 8 9         629/899
2 3 3 4 8 10        641/899
2 3 3 4 9 9         514/899
2 3 3 4 9 10        648/899
2 3 3 4 10 10       605/899
2 3 3 5 5 6         363/899
2 3 3 5 5 7         419/899
2 3 3 5 5 8         487/899
2 3 3 5 5 9         456/899
2 3 3 5 5 10        477/899
2 3 3 5 6 6         381/899
2 3 3 5 6 7         534/899
2 3 3 5 6 8         562/899
2 3 3 5 6 9         526/899
2 3 3 5 6 10        600/899
2 3 3 5 7 7         508/899
2 3 3 5 7 8         662/899
2 3 3 5 7 9         624/899
2 3 3 5 7 10        665/899
2 3 3 5 8 8         598/899
2 3 3 5 8 9         613/899
2 3 3 5 8 10        675/899
2 3 3 5 9 9         508/899
2 3 3 5 9 10        666/899
2 3 3 5 10 10       592/899
2 3 3 6 6 7         444/899
2 3 3 6 6 8         454/899
2 3 3 6 6 9         390/899
2 3 3 6 6 10        466/899
2 3 3 6 7 7         503/899
2 3 3 6 7 8         608/899
2 3 3 6 7 9         560/899
2 3 3 6 7 10        654/899
2 3 3 6 8 8         500/899
2 3 3 6 8 9         576/899
2 3 3 6 8 10        665/899
2 3 3 6 9 9         430/899
2 3 3 6 9 10        624/899
2 3 3 6 10 10       609/899
2 3 3 7 7 8         592/899
2 3 3 7 7 9         560/899
2 3 3 7 7 10        613/899
2 3 3 7 8 8         621/899
2 3 3 7 8 9         703/899
2 3 3 7 8 10        751/899
2 3 3 7 9 9         573/899
2 3 3 7 9 10        745/899
2 3 3 7 10 10       704/899
2 3 3 8 8 9         595/899
2 3 3 8 8 10        658/899
2 3 3 8 9 9         571/899
2 3 3 8 9 10        772/899
2 3 3 8 10 10       703/899
2 3 3 9 9 10        587/899
2 3 3 9 10 10       676/899
2 3 4 4 5 5         373/899
2 3 4 4 5 6         447/899
2 3 4 4 5 7         548/899
2 3 4 4 5 8         520/899
2 3 4 4 5 9         615/899
2 3 4 4 5 10        570/899
2 3 4 4 6 6         365/899
2 3 4 4 6 7         510/899
2 3 4 4 6 8         479/899
2 3 4 4 6 9         555/899
2 3 4 4 6 10        567/899
2 3 4 4 7 7         514/899
2 3 4 4 7 8         578/899
2 3 4 4 7 9         659/899
2 3 4 4 7 10        625/899
2 3 4 4 8 8         416/899
2 3 4 4 8 9         600/899
2 3 4 4 8 10        566/899
2 3 4 4 9 9         589/899
2 3 4 4 9 10        661/899
2 3 4 4 10 10       568/899
2 3 4 5 5 6         522/899
2 3 4 5 5 7         588/899
2 3 4 5 5 8         607/899
2 3 4 5 5 9         653/899
2 3 4 5 5 10        597/899
2 3 4 5 6 6         525/899
2 3 4 5 6 7         707/899
2 3 4 5 6 8         666/899
2 3 4 5 6 9         692/899
2 3 4 5 6 10        698/899
2 3 4 5 7 7         657/899
2 3 4 5 7 8         734/899
2 3 4 5 7 9         794/899
2 3 4 5 7 10        768/899
2 3 4 5 8 8         638/899
2 3 4 5 8 9         790/899
2 3 4 5 8 10        742/899
2 3 4 5 9 9         724/899
2 3 4 5 9 10        805/899
2 3 4 5 10 10       690/899
2 3 4 6 6 7         587/899
2 3 4 6 6 8         541/899
2 3 4 6 6 9         568/899
2 3 4 6 6 10        601/899
2 3 4 6 7 7         637/899
2 3 4 6 7 8         701/899
2 3 4 6 7 9         751/899
2 3 4 6 7 10        760/899
2 3 4 6 8 8         584/899
2 3 4 6 8 9         719/899
2 3 4 6 8 10        741/899
2 3 4 6 9 9         669/899
2 3 4 6 9 10        769/899
2 3 4 6 10 10       702/899
2 3 4 7 7 8         703/899
2 3 4 7 7 9         726/899
2 3 4 7 7 10        750/899
2 3 4 7 8 8         699/899
2 3 4 7 8 9         842/899
2 3 4 7 8 10        814/899
2 3 4 7 9 9         745/899
2 3 4 7 9 10        858/899
2 3 4 7 10 10       786/899
2 3 4 8 8 9         725/899
2 3 4 8 8 10        689/899
2 3 4 8 9 9         776/899
2 3 4 8 9 10        823/899
2 3 4 8 10 10       728/899
2 3 4 9 9 10        795/899
2 3 4 9 10 10       824/899
2 3 5 5 6 6         497/899
2 3 5 5 6 7         625/899
2 3 5 5 6 8         651/899
2 3 5 5 6 9         639/899
2 3 5 5 6 10        639/899
2 3 5 5 7 7         542/899
2 3 5 5 7 8         684/899
2 3 5 5 7 9         705/899
2 3 5 5 7 10        665/899
2 3 5 5 8 8         599/899
2 3 5 5 8 9         725/899
2 3 5 5 8 10        669/899
2 3 5 5 9 9         622/899
2 3 5 5 9 10        707/899
2 3 5 5 10 10       532/899
2 3 5 6 6 7         651/899
2 3 5 6 6 8         644/899
2 3 5 6 6 9         633/899
2 3 5 6 6 10        651/899
2 3 5 6 7 7         719/899
2 3 5 6 7 8         790/899
2 3 5 6 7 9         786/899
2 3 5 6 7 10        819/899
2 3 5 6 8 8         715/899
2 3 5 6 8 9         796/899
2 3 5 6 8 10        793/899
2 3 5 6 9 9         682/899
2 3 5 6 9 10        812/899
2 3 5 6 10 10       731/899
2 3 5 7 7 8         724/899
2 3 5 7 7 9         747/899
2 3 5 7 7 10        736/899
2 3 5 7 8 8         779/899
2 3 5 7 8 9         849/899
2 3 5 7 8 10        837/899
2 3 5 7 9 9         782/899
2 3 5 7 9 10        842/899
2 3 5 7 10 10       757/899
2 3 5 8 8 9         798/899
2 3 5 8 8 10        763/899
2 3 5 8 9 9         779/899
2 3 5 8 9 10        859/899
2 3 5 8 10 10       753/899
2 3 5 9 9 10        793/899
2 3 5 9 10 10       791/899
2 3 6 6 7 7         604/899
2 3 6 6 7 8         706/899
2 3 6 6 7 9         673/899
2 3 6 6 7 10        745/899
2 3 6 6 8 8         567/899
2 3 6 6 8 9         677/899
2 3 6 6 8 10        719/899
2 3 6 6 9 9         530/899
2 3 6 6 9 10        706/899
2 3 6 6 10 10       655/899
2 3 6 7 7 8         756/899
2 3 6 7 7 9         716/899
2 3 6 7 7 10        779/899
2 3 6 7 8 8         763/899
2 3 6 7 8 9         835/899
2 3 6 7 8 10        844/899
2 3 6 7 9 9         717/899
2 3 6 7 9 10        845/899
2 3 6 7 10 10       797/899
2 3 6 8 8 9         748/899
2 3 6 8 8 10        744/899
2 3 6 8 9 9         730/899
2 3 6 8 9 10        843/899
2 3 6 8 10 10       778/899
2 3 6 9 9 10        755/899
2 3 6 9 10 10       812/899
2 3 7 7 8 8         699/899
2 3 7 7 8 9         795/899
2 3 7 7 8 10        806/899
2 3 7 7 9 9         671/899
2 3 7 7 9 10        809/899
2 3 7 7 10 10       730/899
2 3 7 8 8 9         813/899
2 3 7 8 8 10        802/899
2 3 7 8 9 9         791/899
2 3 7 8 9 10        881/899
2 3 7 8 10 10       840/899
2 3 7 9 9 10        829/899
2 3 7 9 10 10       853/899
2 3 8 8 9 9         725/899
2 3 8 8 9 10        822/899
2 3 8 8 10 10       686/899
2 3 8 9 9 10        856/899
2 3 8 9 10 10       861/899
2 3 9 9 10 10       755/899
2 4 4 5 5 6         445/899
2 4 4 5 5 7         529/899
2 4 4 5 5 8         484/899
2 4 4 5 5 9         590/899
2 4 4 5 5 10        483/899
2 4 4 5 6 6         456/899
2 4 4 5 6 7         606/899
2 4 4 5 6 8         539/899
2 4 4 5 6 9         638/899
2 4 4 5 6 10        578/899
2 4 4 5 7 7         596/899
2 4 4 5 7 8         623/899
2 4 4 5 7 9         708/899
2 4 4 5 7 10        648/899
2 4 4 5 8 8         448/899
2 4 4 5 8 9         636/899
2 4 4 5 8 10        573/899
2 4 4 5 9 9         631/899
2 4 4 5 9 10        698/899
2 4 4 5 10 10       566/899
2 4 4 6 6 7         480/899
2 4 4 6 6 8         386/899
2 4 4 6 6 9         477/899
2 4 4 6 6 10        460/899
2 4 4 6 7 7         529/899
2 4 4 6 7 8         561/899
2 4 4 6 7 9         674/899
2 4 4 6 7 10        636/899
2 4 4 6 8 8         381/899
2 4 4 6 8 9         583/899
2 4 4 6 8 10        518/899
2 4 4 6 9 9         599/899
2 4 4 6 9 10        676/899
2 4 4 6 10 10       519/899
2 4 4 7 7 8         549/899
2 4 4 7 7 9         655/899
2 4 4 7 7 10        617/899
2 4 4 7 8 8         497/899
2 4 4 7 8 9         678/899
2 4 4 7 8 10        626/899
2 4 4 7 9 9         668/899
2 4 4 7 9 10        744/899
2 4 4 7 10 10       639/899
2 4 4 8 8 9         484/899
2 4 4 8 8 10        427/899
2 4 4 8 9 9         592/899
2 4 4 8 9 10        639/899
2 4 4 8 10 10       488/899
2 4 4 9 9 10        669/899
2 4 4 9 10 10       657/899
2 4 5 5 6 6         529/899
2 4 5 5 6 7         666/899
2 4 5 5 6 8         603/899
2 4 5 5 6 9         696/899
2 4 5 5 6 10        589/899
2 4 5 5 7 7         587/899
2 4 5 5 7 8         695/899
2 4 5 5 7 9         705/899
2 4 5 5 7 10        666/899
2 4 5 5 8 8         563/899
2 4 5 5 8 9         749/899
2 4 5 5 8 10        646/899
2 4 5 5 9 9         651/899
2 4 5 5 9 10        726/899
2 4 5 5 10 10       550/899
2 4 5 6 6 7         663/899
2 4 5 6 6 8         603/899
2 4 5 6 6 9         655/899
2 4 5 6 6 10        632/899
2 4 5 6 7 7         716/899
2 4 5 6 7 8         742/899
2 4 5 6 7 9         819/899
2 4 5 6 7 10        768/899
2 4 5 6 8 8         624/899
2 4 5 6 8 9         783/899
2 4 5 6 8 10        728/899
2 4 5 6 9 9         782/899
2 4 5 6 9 10        811/899
2 4 5 6 10 10       705/899
2 4 5 7 7 8         725/899
2 4 5 7 7 9         741/899
2 4 5 7 7 10        765/899
2 4 5 7 8 8         711/899
2 4 5 7 8 9         837/899
2 4 5 7 8 10        797/899
2 4 5 7 9 9         761/899
2 4 5 7 9 10        857/899
2 4 5 7 10 10       770/899
2 4 5 8 8 9         736/899
2 4 5 8 8 10        676/899
2 4 5 8 9 9         804/899
2 4 5 8 9 10        826/899
2 4 5 8 10 10       701/899
2 4 5 9 9 10        814/899
2 4 5 9 10 10       804/899
2 4 6 6 7 7         567/899
2 4 6 6 7 8         613/899
2 4 6 6 7 9         684/899
2 4 6 6 7 10        684/899
2 4 6 6 8 8         438/899
2 4 6 6 8 9         628/899
2 4 6 6 8 10        568/899
2 4 6 6 9 9         607/899
2 4 6 6 9 10        687/899
2 4 6 6 10 10       536/899
2 4 6 7 7 8         673/899
2 4 6 7 7 9         767/899
2 4 6 7 7 10        746/899
2 4 6 7 8 8         652/899
2 4 6 7 8 9         800/899
2 4 6 7 8 10        774/899
2 4 6 7 9 9         806/899
2 4 6 7 9 10        844/899
2 4 6 7 10 10       753/899
2 4 6 8 8 9         671/899
2 4 6 8 8 10        585/899
2 4 6 8 9 9         739/899
2 4 6 8 9 10        783/899
2 4 6 8 10 10       615/899
2 4 6 9 9 10        793/899
2 4 6 9 10 10       790/899
2 4 7 7 8 8         662/899
2 4 7 7 8 9         795/899
2 4 7 7 8 10        760/899
2 4 7 7 9 9         670/899
2 4 7 7 9 10        832/899
2 4 7 7 10 10       743/899
2 4 7 8 8 9         775/899
2 4 7 8 8 10        714/899
2 4 7 8 9 9         826/899
2 4 7 8 9 10        854/899
2 4 7 8 10 10       761/899
2 4 7 9 9 10        850/899
2 4 7 9 10 10       849/899
2 4 8 8 9 9         692/899
2 4 8 8 9 10        726/899
2 4 8 8 10 10       543/899
2 4 8 9 9 10        802/899
2 4 8 9 10 10       766/899
2 4 9 9 10 10       778/899
2 5 5 6 6 7         600/899
2 5 5 6 6 8         599/899
2 5 5 6 6 9         634/899
2 5 5 6 6 10        577/899
2 5 5 6 7 7         589/899
2 5 5 6 7 8         714/899
2 5 5 6 7 9         739/899
2 5 5 6 7 10        709/899
2 5 5 6 8 8         639/899
2 5 5 6 8 9         783/899
2 5 5 6 8 10        715/899
2 5 5 6 9 9         706/899
2 5 5 6 9 10        769/899
2 5 5 6 10 10       582/899
2 5 5 7 7 8         637/899
2 5 5 7 7 9         674/899
2 5 5 7 7 10        607/899
2 5 5 7 8 8         684/899
2 5 5 7 8 9         783/899
2 5 5 7 8 10        758/899
2 5 5 7 9 9         716/899
2 5 5 7 9 10        767/899
2 5 5 7 10 10       605/899
2 5 5 8 8 9         724/899
2 5 5 8 8 10        658/899
2 5 5 8 9 9         719/899
2 5 5 8 9 10        810/899
2 5 5 8 10 10       622/899
2 5 5 9 9 10        694/899
2 5 5 9 10 10       638/899
2 5 6 6 7 7         623/899
2 5 6 6 7 8         718/899
2 5 6 6 7 9         759/899
2 5 6 6 7 10        772/899
2 5 6 6 8 8         620/899
2 5 6 6 8 9         757/899
2 5 6 6 8 10        733/899
2 5 6 6 9 9         676/899
2 5 6 6 9 10        786/899
2 5 6 6 10 10       654/899
2 5 6 7 7 8         770/899
2 5 6 7 7 9         793/899
2 5 6 7 7 10        808/899
2 5 6 7 8 8         789/899
2 5 6 7 8 9         881/899
2 5 6 7 8 10        859/899
2 5 6 7 9 9         818/899
2 5 6 7 9 10        884/899
2 5 6 7 10 10       807/899
2 5 6 8 8 9         814/899
2 5 6 8 8 10        767/899
2 5 6 8 9 9         832/899
2 5 6 8 9 10        863/899
2 5 6 8 10 10       756/899
2 5 6 9 9 10        846/899
2 5 6 9 10 10       834/899
2 5 7 7 8 8         719/899
2 5 7 7 8 9         809/899
2 5 7 7 8 10        831/899
2 5 7 7 9 9         718/899
2 5 7 7 9 10        807/899
2 5 7 7 10 10       715/899
2 5 7 8 8 9         837/899
2 5 7 8 8 10        815/899
2 5 7 8 9 9         823/899
2 5 7 8 9 10        888/899
2 5 7 8 10 10       822/899
2 5 7 9 9 10        821/899
2 5 7 9 10 10       838/899
2 5 8 8 9 9         781/899
2 5 8 8 9 10        834/899
2 5 8 8 10 10       675/899
2 5 8 9 9 10        845/899
2 5 8 9 10 10       856/899
2 5 9 9 10 10       770/899
2 6 6 7 7 8         659/899
2 6 6 7 7 9         703/899
2 6 6 7 7 10        736/899
2 6 6 7 8 8         632/899
2 6 6 7 8 9         791/899
2 6 6 7 8 10        765/899
2 6 6 7 9 9         716/899
2 6 6 7 9 10        821/899
2 6 6 7 10 10       710/899
2 6 6 8 8 9         648/899
2 6 6 8 8 10        560/899
2 6 6 8 9 9         690/899
2 6 6 8 9 10        769/899
2 6 6 8 10 10       582/899
2 6 6 9 9 10        715/899
2 6 6 9 10 10       720/899
2 6 7 7 8 8         702/899
2 6 7 7 8 9         847/899
2 6 7 7 8 10        824/899
2 6 7 7 9 9         740/899
2 6 7 7 9 10        866/899
2 6 7 7 10 10       770/899
2 6 7 8 8 9         834/899
2 6 7 8 8 10        780/899
2 6 7 8 9 9         856/899
2 6 7 8 9 10        885/899
2 6 7 8 10 10       813/899
2 6 7 9 9 10        868/899
2 6 7 9 10 10       862/899
2 6 8 8 9 9         744/899
2 6 8 8 9 10        788/899
2 6 8 8 10 10       575/899
2 6 8 9 9 10        844/899
2 6 8 9 10 10       833/899
2 6 9 9 10 10       797/899
2 7 7 8 8 9         744/899
2 7 7 8 8 10        768/899
2 7 7 8 9 9         703/899
2 7 7 8 9 10        857/899
2 7 7 8 10 10       788/899
2 7 7 9 9 10        745/899
2 7 7 9 10 10       786/899
2 7 8 8 9 9         715/899
2 7 8 8 9 10        842/899
2 7 8 8 10 10       719/899
2 7 8 9 9 10        847/899
2 7 8 9 10 10       868/899
2 7 9 9 10 10       762/899
2 8 8 9 9 10        713/899
2 8 8 9 10 10       711/899
2 8 9 9 10 10       721/899
3 3 4 4 5 5         350/899
3 3 4 4 5 6         430/899
3 3 4 4 5 7         495/899
3 3 4 4 5 8         484/899
3 3 4 4 5 9         517/899
3 3 4 4 5 10        563/899
3 3 4 4 6 6         317/899
3 3 4 4 6 7         471/899
3 3 4 4 6 8         468/899
3 3 4 4 6 9         474/899
3 3 4 4 6 10        551/899
3 3 4 4 7 7         448/899
3 3 4 4 7 8         514/899
3 3 4 4 7 9         534/899
3 3 4 4 7 10        646/899
3 3 4 4 8 8         405/899
3 3 4 4 8 9         541/899
3 3 4 4 8 10        571/899
3 3 4 4 9 9         432/899
3 3 4 4 9 10        587/899
3 3 4 4 10 10       554/899
3 3 4 5 5 6         464/899
3 3 4 5 5 7         542/899
3 3 4 5 5 8         558/899
3 3 4 5 5 9         555/899
3 3 4 5 5 10        561/899
3 3 4 5 6 6         461/899
3 3 4 5 6 7         637/899
3 3 4 5 6 8         656/899
3 3 4 5 6 9         616/899
3 3 4 5 6 10        683/899
3 3 4 5 7 7         568/899
3 3 4 5 7 8         690/899
3 3 4 5 7 9         701/899
3 3 4 5 7 10        731/899
3 3 4 5 8 8         591/899
3 3 4 5 8 9         701/899
3 3 4 5 8 10        733/899
3 3 4 5 9 9         578/899
3 3 4 5 9 10        706/899
3 3 4 5 10 10       629/899
3 3 4 6 6 7         491/899
3 3 4 6 6 8         498/899
3 3 4 6 6 9         442/899
3 3 4 6 6 10        515/899
3 3 4 6 7 7         553/899
3 3 4 6 7 8         682/899
3 3 4 6 7 9         610/899
3 3 4 6 7 10        716/899
3 3 4 6 8 8         574/899
3 3 4 6 8 9         628/899
3 3 4 6 8 10        718/899
3 3 4 6 9 9         479/899
3 3 4 6 9 10        667/899
3 3 4 6 10 10       674/899
3 3 4 7 7 8         611/899
3 3 4 7 7 9         599/899
3 3 4 7 7 10        668/899
3 3 4 7 8 8         613/899
3 3 4 7 8 9         754/899
3 3 4 7 8 10        796/899
3 3 4 7 9 9         589/899
3 3 4 7 9 10        751/899
3 3 4 7 10 10       713/899
3 3 4 8 8 9         643/899
3 3 4 8 8 10        700/899
3 3 4 8 9 9         613/899
3 3 4 8 9 10        809/899
3 3 4 8 10 10       708/899
3 3 4 9 9 10        615/899
3 3 4 9 10 10       700/899
3 3 5 5 6 6         390/899
3 3 5 5 6 7         552/899
3 3 5 5 6 8         582/899
3 3 5 5 6 9         498/899
3 3 5 5 6 10        582/899
3 3 5 5 7 7         491/899
3 3 5 5 7 8         624/899
3 3 5 5 7 9         632/899
3 3 5 5 7 10        591/899
3 3 5 5 8 8         527/899
3 3 5 5 8 9         605/899
3 3 5 5 8 10        588/899
3 3 5 5 9 9         470/899
3 3 5 5 9 10        628/899
3 3 5 5 10 10       451/899
3 3 5 6 6 7         544/899
3 3 5 6 6 8         564/899
3 3 5 6 6 9         460/899
3 3 5 6 6 10        552/899
3 3 5 6 7 7         609/899
3 3 5 6 7 8         748/899
3 3 5 6 7 9         653/899
3 3 5 6 7 10        751/899
3 3 5 6 8 8         623/899
3 3 5 6 8 9         659/899
3 3 5 6 8 10        775/899
3 3 5 6 9 9         498/899
3 3 5 6 9 10        692/899
3 3 5 6 10 10       662/899
3 3 5 7 7 8         666/899
3 3 5 7 7 9         648/899
3 3 5 7 7 10        657/899
3 3 5 7 8 8         675/899
3 3 5 7 8 9         767/899
3 3 5 7 8 10        805/899
3 3 5 7 9 9         622/899
3 3 5 7 9 10        788/899
3 3 5 7 10 10       678/899
3 3 5 8 8 9         666/899
3 3 5 8 8 10        693/899
3 3 5 8 9 9         624/899
3 3 5 8 9 10        788/899
3 3 5 8 10 10       680/899
3 3 5 9 9 10        634/899
3 3 5 9 10 10       694/899
3 3 6 6 7 7         462/899
3 3 6 6 7 8         605/899
3 3 6 6 7 9         483/899
3 3 6 6 7 10        609/899
3 3 6 6 8 8         482/899
3 3 6 6 8 9         493/899
3 3 6 6 8 10        618/899
3 3 6 6 9 9         292/899
3 3 6 6 9 10        503/899
3 3 6 6 10 10       526/899
3 3 6 7 7 8         670/899
3 3 6 7 7 9         561/899
3 3 6 7 7 10        671/899
3 3 6 7 8 8         686/899
3 3 6 7 8 9         693/899
3 3 6 7 8 10        803/899
3 3 6 7 9 9         506/899
3 3 6 7 9 10        717/899
3 3 6 7 10 10       713/899
3 3 6 8 8 9         590/899
3 3 6 8 8 10        714/899
3 3 6 8 9 9         526/899
3 3 6 8 9 10        741/899
3 3 6 8 10 10       741/899
3 3 6 9 9 10        529/899
3 3 6 9 10 10       642/899
3 3 7 7 8 8         577/899
3 3 7 7 8 9         703/899
3 3 7 7 8 10        696/899
3 3 7 7 9 9         505/899
3 3 7 7 9 10        682/899
3 3 7 7 10 10       579/899
3 3 7 8 8 9         700/899
3 3 7 8 8 10        744/899
3 3 7 8 9 9         665/899
3 3 7 8 9 10        838/899
3 3 7 8 10 10       742/899
3 3 7 9 9 10        647/899
3 3 7 9 10 10       707/899
3 3 8 8 9 9         537/899
3 3 8 8 9 10        760/899
3 3 8 8 10 10       662/899
3 3 8 9 9 10        681/899
3 3 8 9 10 10       776/899
3 3 9 9 10 10       548/899
3 4 4 5 5 6         547/899
3 4 4 5 5 7         575/899
3 4 4 5 5 8         534/899
3 4 4 5 5 9         612/899
3 4 4 5 5 10        577/899
3 4 4 5 6 6         536/899
3 4 4 5 6 7         716/899
3 4 4 5 6 8         681/899
3 4 4 5 6 9         705/899
3 4 4 5 6 10        706/899
3 4 4 5 7 7         609/899
3 4 4 5 7 8         678/899
3 4 4 5 7 9         750/899
3 4 4 5 7 10        745/899
3 4 4 5 8 8         545/899
3 4 4 5 8 9         700/899
3 4 4 5 8 10        704/899
3 4 4 5 9 9         632/899
3 4 4 5 9 10        766/899
3 4 4 5 10 10       646/899
3 4 4 6 6 7         547/899
3 4 4 6 6 8         498/899
3 4 4 6 6 9         523/899
3 4 4 6 6 10        562/899
3 4 4 6 7 7         625/899
3 4 4 6 7 8         689/899
3 4 4 6 7 9         698/899
3 4 4 6 7 10        738/899
3 4 4 6 8 8         522/899
3 4 4 6 8 9         700/899
3 4 4 6 8 10        677/899
3 4 4 6 9 9         608/899
3 4 4 6 9 10        741/899
3 4 4 6 10 10       668/899
3 4 4 7 7 8         594/899
3 4 4 7 7 9         665/899
3 4 4 7 7 10        691/899
3 4 4 7 8 8         566/899
3 4 4 7 8 9         752/899
3 4 4 7 8 10        760/899
3 4 4 7 9 9         655/899
3 4 4 7 9 10        813/899
3 4 4 7 10 10       711/899
3 4 4 8 8 9         588/899
3 4 4 8 8 10        609/899
3 4 4 8 9 9         663/899
3 4 4 8 9 10        770/899
3 4 4 8 10 10       652/899
3 4 4 9 9 10        706/899
3 4 4 9 10 10       751/899
3 4 5 5 6 6         601/899
3 4 5 5 6 7         751/899
3 4 5 5 6 8         742/899
3 4 5 5 6 9         711/899
3 4 5 5 6 10        698/899
3 4 5 5 7 7         641/899
3 4 5 5 7 8         729/899
3 4 5 5 7 9         771/899
3 4 5 5 7 10        716/899
3 4 5 5 8 8         623/899
3 4 5 5 8 9         733/899
3 4 5 5 8 10        727/899
3 4 5 5 9 9         671/899
3 4 5 5 9 10        755/899
3 4 5 5 10 10       586/899
3 4 5 6 6 7         732/899
3 4 5 6 6 8         705/899
3 4 5 6 6 9         669/899
3 4 5 6 6 10        711/899
3 4 5 6 7 7         761/899
3 4 5 6 7 8         847/899
3 4 5 6 7 9         823/899
3 4 5 6 7 10        843/899
3 4 5 6 8 8         731/899
3 4 5 6 8 9         827/899
3 4 5 6 8 10        819/899
3 4 5 6 9 9         720/899
3 4 5 6 9 10        837/899
3 4 5 6 10 10       761/899
3 4 5 7 7 8         741/899
3 4 5 7 7 9         778/899
3 4 5 7 7 10        787/899
3 4 5 7 8 8         738/899
3 4 5 7 8 9         857/899
3 4 5 7 8 10        859/899
3 4 5 7 9 9         798/899
3 4 5 7 9 10        863/899
3 4 5 7 10 10       788/899
3 4 5 8 8 9         770/899
3 4 5 8 8 10        792/899
3 4 5 8 9 9         795/899
3 4 5 8 9 10        861/899
3 4 5 8 10 10       787/899
3 4 5 9 9 10        829/899
3 4 5 9 10 10       804/899
3 4 6 6 7 7         619/899
3 4 6 6 7 8         715/899
3 4 6 6 7 9         679/899
3 4 6 6 7 10        735/899
3 4 6 6 8 8         581/899
3 4 6 6 8 9         687/899
3 4 6 6 8 10        724/899
3 4 6 6 9 9         557/899
3 4 6 6 9 10        709/899
3 4 6 6 10 10       667/899
3 4 6 7 7 8         752/899
3 4 6 7 7 9         736/899
3 4 6 7 7 10        801/899
3 4 6 7 8 8         752/899
3 4 6 7 8 9         851/899
3 4 6 7 8 10        841/899
3 4 6 7 9 9         733/899
3 4 6 7 9 10        835/899
3 4 6 7 10 10       821/899
3 4 6 8 8 9         772/899
3 4 6 8 8 10        748/899
3 4 6 8 9 9         766/899
3 4 6 8 9 10        849/899
3 4 6 8 10 10       777/899
3 4 6 9 9 10        764/899
3 4 6 9 10 10       808/899
3 4 7 7 8 8         643/899
3 4 7 7 8 9         788/899
3 4 7 7 8 10        808/899
3 4 7 7 9 9         715/899
3 4 7 7 9 10        827/899
3 4 7 7 10 10       721/899
3 4 7 8 8 9         789/899
3 4 7 8 8 10        818/899
3 4 7 8 9 9         829/899
3 4 7 8 9 10        883/899
3 4 7 8 10 10       845/899
3 4 7 9 9 10        816/899
3 4 7 9 10 10       870/899
3 4 8 8 9 9         727/899
3 4 8 8 9 10        842/899
3 4 8 8 10 10       723/899
3 4 8 9 9 10        852/899
3 4 8 9 10 10       849/899
3 4 9 9 10 10       790/899
3 5 5 6 6 7         641/899
3 5 5 6 6 8         645/899
3 5 5 6 6 9         599/899
3 5 5 6 6 10        625/899
3 5 5 6 7 7         653/899
3 5 5 6 7 8         772/899
3 5 5 6 7 9         754/899
3 5 5 6 7 10        738/899
3 5 5 6 8 8         682/899
3 5 5 6 8 9         761/899
3 5 5 6 8 10        737/899
3 5 5 6 9 9         629/899
3 5 5 6 9 10        772/899
3 5 5 6 10 10       615/899
3 5 5 7 7 8         658/899
3 5 5 7 7 9         710/899
3 5 5 7 7 10        656/899
3 5 5 7 8 8         689/899
3 5 5 7 8 9         794/899
3 5 5 7 8 10        762/899
3 5 5 7 9 9         714/899
3 5 5 7 9 10        792/899
3 5 5 7 10 10       631/899
3 5 5 8 8 9         729/899
3 5 5 8 8 10        657/899
3 5 5 8 9 9         710/899
3 5 5 8 9 10        776/899
3 5 5 8 10 10       617/899
3 5 5 9 9 10        706/899
3 5 5 9 10 10       655/899
3 5 6 6 7 7         672/899
3 5 6 6 7 8         796/899
3 5 6 6 7 9         726/899
3 5 6 6 7 10        796/899
3 5 6 6 8 8         674/899
3 5 6 6 8 9         722/899
3 5 6 6 8 10        787/899
3 5 6 6 9 9         571/899
3 5 6 6 9 10        742/899
3 5 6 6 10 10       697/899
3 5 6 7 7 8         800/899
3 5 6 7 7 9         789/899
3 5 6 7 7 10        803/899
3 5 6 7 8 8         793/899
3 5 6 7 8 9         864/899
3 5 6 7 8 10        877/899
3 5 6 7 9 9         769/899
3 5 6 7 9 10        873/899
3 5 6 7 10 10       815/899
3 5 6 8 8 9         794/899
3 5 6 8 8 10        792/899
3 5 6 8 9 9         757/899
3 5 6 8 9 10        876/899
3 5 6 8 10 10       813/899
3 5 6 9 9 10        779/899
3 5 6 9 10 10       836/899
3 5 7 7 8 8         714/899
3 5 7 7 8 9         822/899
3 5 7 7 8 10        817/899
3 5 7 7 9 9         731/899
3 5 7 7 9 10        826/899
3 5 7 7 10 10       739/899
3 5 7 8 8 9         836/899
3 5 7 8 8 10        838/899
3 5 7 8 9 9         837/899
3 5 7 8 9 10        887/899
3 5 7 8 10 10       818/899
3 5 7 9 9 10        846/899
3 5 7 9 10 10       851/899
3 5 8 8 9 9         735/899
3 5 8 8 9 10        833/899
3 5 8 8 10 10       744/899
3 5 8 9 9 10        855/899
3 5 8 9 10 10       852/899
3 5 9 9 10 10       770/899
3 6 6 7 7 8         715/899
3 6 6 7 7 9         629/899
3 6 6 7 7 10        716/899
3 6 6 7 8 8         724/899
3 6 6 7 8 9         772/899
3 6 6 7 8 10        836/899
3 6 6 7 9 9         584/899
3 6 6 7 9 10        768/899
3 6 6 7 10 10       744/899
3 6 6 8 8 9         662/899
3 6 6 8 8 10        709/899
3 6 6 8 9 9         604/899
3 6 6 8 9 10        787/899
3 6 6 8 10 10       736/899
3 6 6 9 9 10        625/899
3 6 6 9 10 10       701/899
3 6 7 7 8 8         731/899
3 6 7 7 8 9         833/899
3 6 7 7 8 10        811/899
3 6 7 7 9 9         660/899
3 6 7 7 9 10        812/899
3 6 7 7 10 10       751/899
3 6 7 8 8 9         835/899
3 6 7 8 8 10        837/899
3 6 7 8 9 9         790/899
3 6 7 8 9 10        884/899
3 6 7 8 10 10       854/899
3 6 7 9 9 10        783/899
3 6 7 9 10 10       843/899
3 6 8 8 9 9         691/899
3 6 8 8 9 10        846/899
3 6 8 8 10 10       737/899
3 6 8 9 9 10        832/899
3 6 8 9 10 10       872/899
3 6 9 9 10 10       727/899
3 7 7 8 8 9         751/899
3 7 7 8 8 10        749/899
3 7 7 8 9 9         768/899
3 7 7 8 9 10        838/899
3 7 7 8 10 10       769/899
3 7 7 9 9 10        760/899
3 7 7 9 10 10       758/899
3 7 8 8 9 9         762/899
3 7 8 8 9 10        858/899
3 7 8 8 10 10       791/899
3 7 8 9 9 10        855/899
3 7 8 9 10 10       864/899
3 7 9 9 10 10       772/899
3 8 8 9 9 10        797/899
3 8 8 9 10 10       806/899
3 8 9 9 10 10       804/899
4 4 5 5 6 6         495/899
4 4 5 5 6 7         688/899
4 4 5 5 6 8         604/899
4 4 5 5 6 9         646/899
4 4 5 5 6 10        549/899
4 4 5 5 7 7         562/899
4 4 5 5 7 8         630/899
4 4 5 5 7 9         675/899
4 4 5 5 7 10        631/899
4 4 5 5 8 8         456/899
4 4 5 5 8 9         627/899
4 4 5 5 8 10        614/899
4 4 5 5 9 9         511/899
4 4 5 5 9 10        623/899
4 4 5 5 10 10       465/899
4 4 5 6 6 7         679/899
4 4 5 6 6 8         569/899
4 4 5 6 6 9         624/899
4 4 5 6 6 10        588/899
4 4 5 6 7 7         681/899
4 4 5 6 7 8         763/899
4 4 5 6 7 9         802/899
4 4 5 6 7 10        766/899
4 4 5 6 8 8         552/899
4 4 5 6 8 9         748/899
4 4 5 6 8 10        691/899
4 4 5 6 9 9         678/899
4 4 5 6 9 10        766/899
4 4 5 6 10 10       623/899
4 4 5 7 7 8         656/899
4 4 5 7 7 9         698/899
4 4 5 7 7 10        722/899
4 4 5 7 8 8         592/899
4 4 5 7 8 9         760/899
4 4 5 7 8 10        783/899
4 4 5 7 9 9         686/899
4 4 5 7 9 10        824/899
4 4 5 7 10 10       710/899
4 4 5 8 8 9         582/899
4 4 5 8 8 10        578/899
4 4 5 8 9 9         647/899
4 4 5 8 9 10        759/899
4 4 5 8 10 10       627/899
4 4 5 9 9 10        678/899
4 4 5 9 10 10       648/899
4 4 6 6 7 7         565/899
4 4 6 6 7 8         582/899
4 4 6 6 7 9         665/899
4 4 6 6 7 10        653/899
4 4 6 6 8 8         381/899
4 4 6 6 8 9         583/899
4 4 6 6 8 10        531/899
4 4 6 6 9 9         530/899
4 4 6 6 9 10        628/899
4 4 6 6 10 10       482/899
4 4 6 7 7 8         635/899
4 4 6 7 7 9         722/899
4 4 6 7 7 10        695/899
4 4 6 7 8 8         586/899
4 4 6 7 8 9         792/899
4 4 6 7 8 10        727/899
4 4 6 7 9 9         728/899
4 4 6 7 9 10        824/899
4 4 6 7 10 10       695/899
4 4 6 8 8 9         599/899
4 4 6 8 8 10        513/899
4 4 6 8 9 9         698/899
4 4 6 8 9 10        738/899
4 4 6 8 10 10       569/899
4 4 6 9 9 10        706/899
4 4 6 9 10 10       703/899
4 4 7 7 8 8         487/899
4 4 7 7 8 9         698/899
4 4 7 7 8 10        702/899
4 4 7 7 9 9         631/899
4 4 7 7 9 10        758/899
4 4 7 7 10 10       649/899
4 4 7 8 8 9         650/899
4 4 7 8 8 10        628/899
4 4 7 8 9 9         705/899
4 4 7 8 9 10        825/899
4 4 7 8 10 10       688/899
4 4 7 9 9 10        788/899
4 4 7 9 10 10       789/899
4 4 8 8 9 9         533/899
4 4 8 8 9 10        628/899
4 4 8 8 10 10       449/899
4 4 8 9 9 10        713/899
4 4 8 9 10 10       703/899
4 4 9 9 10 10       613/899
4 5 5 6 6 7         678/899
4 5 5 6 6 8         632/899
4 5 5 6 6 9         642/899
4 5 5 6 6 10        571/899
4 5 5 6 7 7         674/899
4 5 5 6 7 8         781/899
4 5 5 6 7 9         790/899
4 5 5 6 7 10        750/899
4 5 5 6 8 8         640/899
4 5 5 6 8 9         794/899
4 5 5 6 8 10        727/899
4 5 5 6 9 9         665/899
4 5 5 6 9 10        744/899
4 5 5 6 10 10       597/899
4 5 5 7 7 8         692/899
4 5 5 7 7 9         697/899
4 5 5 7 7 10        670/899
4 5 5 7 8 8         672/899
4 5 5 7 8 9         774/899
4 5 5 7 8 10        784/899
4 5 5 7 9 9         733/899
4 5 5 7 9 10        791/899
4 5 5 7 10 10       662/899
4 5 5 8 8 9         668/899
4 5 5 8 8 10        686/899
4 5 5 8 9 9         693/899
4 5 5 8 9 10        781/899
4 5 5 8 10 10       646/899
4 5 5 9 9 10        635/899
4 5 5 9 10 10       624/899
4 5 6 6 7 7         663/899
4 5 6 6 7 8         757/899
4 5 6 6 7 9         779/899
4 5 6 6 7 10        770/899
4 5 6 6 8 8         600/899
4 5 6 6 8 9         751/899
4 5 6 6 8 10        740/899
4 5 6 6 9 9         670/899
4 5 6 6 9 10        761/899
4 5 6 6 10 10       635/899
4 5 6 7 7 8         784/899
4 5 6 7 7 9         773/899
4 5 6 7 7 10        813/899
4 5 6 7 8 8         757/899
4 5 6 7 8 9         874/899
4 5 6 7 8 10        853/899
4 5 6 7 9 9         808/899
4 5 6 7 9 10        876/899
4 5 6 7 10 10       813/899
4 5 6 8 8 9         786/899
4 5 6 8 8 10        748/899
4 5 6 8 9 9         818/899
4 5 6 8 9 10        859/899
4 5 6 8 10 10       785/899
4 5 6 9 9 10        820/899
4 5 6 9 10 10       803/899
4 5 7 7 8 8         709/899
4 5 7 7 8 9         807/899
4 5 7 7 8 10        826/899
4 5 7 7 9 9         735/899
4 5 7 7 9 10        826/899
4 5 7 7 10 10       761/899
4 5 7 8 8 9         802/899
4 5 7 8 8 10        814/899
4 5 7 8 9 9         816/899
4 5 7 8 9 10        878/899
4 5 7 8 10 10       841/899
4 5 7 9 9 10        851/899
4 5 7 9 10 10       858/899
4 5 8 8 9 9         687/899
4 5 8 8 9 10        819/899
4 5 8 8 10 10       694/899
4 5 8 9 9 10        841/899
4 5 8 9 10 10       822/899
4 5 9 9 10 10       699/899
4 6 6 7 7 8         651/899
4 6 6 7 7 9         691/899
4 6 6 7 7 10        721/899
4 6 6 7 8 8         631/899
4 6 6 7 8 9         783/899
4 6 6 7 8 10        757/899
4 6 6 7 9 9         702/899
4 6 6 7 9 10        806/899
4 6 6 7 10 10       727/899
4 6 6 8 8 9         657/899
4 6 6 8 8 10        578/899
4 6 6 8 9 9         690/899
4 6 6 8 9 10        768/899
4 6 6 8 10 10       616/899
4 6 6 9 9 10        698/899
4 6 6 9 10 10       705/899
4 6 7 7 8 8         698/899
4 6 7 7 8 9         827/899
4 6 7 7 8 10        802/899
4 6 7 7 9 9         731/899
4 6 7 7 9 10        860/899
4 6 7 7 10 10       764/899
4 6 7 8 8 9         825/899
4 6 7 8 8 10        767/899
4 6 7 8 9 9         844/899
4 6 7 8 9 10        875/899
4 6 7 8 10 10       815/899
4 6 7 9 9 10        850/899
4 6 7 9 10 10       881/899
4 6 8 8 9 9         765/899
4 6 8 8 9 10        784/899
4 6 8 8 10 10       606/899
4 6 8 9 9 10        843/899
4 6 8 9 10 10       816/899
4 6 9 9 10 10       769/899
4 7 7 8 8 9         750/899
4 7 7 8 8 10        744/899
4 7 7 8 9 9         769/899
4 7 7 8 9 10        861/899
4 7 7 8 10 10       777/899
4 7 7 9 9 10        780/899
4 7 7 9 10 10       806/899
4 7 8 8 9 9         747/899
4 7 8 8 9 10        860/899
4 7 8 8 10 10       735/899
4 7 8 9 9 10        863/899
4 7 8 9 10 10       880/899
4 7 9 9 10 10       838/899
4 8 8 9 9 10        761/899
4 8 8 9 10 10       741/899
4 8 9 9 10 10       772/899
5 5 6 6 7 7         505/899
5 5 6 6 7 8         680/899
5 5 6 6 7 9         689/899
5 5 6 6 7 10        678/899
5 5 6 6 8 8         592/899
5 5 6 6 8 9         716/899
5 5 6 6 8 10        685/899
5 5 6 6 9 9         567/899
5 5 6 6 9 10        679/899
5 5 6 6 10 10       525/899
5 5 6 7 7 8         670/899
5 5 6 7 7 9         694/899
5 5 6 7 7 10        704/899
5 5 6 7 8 8         697/899
5 5 6 7 8 9         800/899
5 5 6 7 8 10        802/899
5 5 6 7 9 9         758/899
5 5 6 7 9 10        825/899
5 5 6 7 10 10       690/899
5 5 6 8 8 9         770/899
5 5 6 8 8 10        722/899
5 5 6 8 9 9         742/899
5 5 6 8 9 10        830/899
5 5 6 8 10 10       694/899
5 5 6 9 9 10        706/899
5 5 6 9 10 10       661/899
5 5 7 7 8 8         616/899
5 5 7 7 8 9         748/899
5 5 7 7 8 10        728/899
5 5 7 7 9 9         622/899
5 5 7 7 9 10        741/899
5 5 7 7 10 10       542/899
5 5 7 8 8 9         752/899
5 5 7 8 8 10        733/899
5 5 7 8 9 9         751/899
5 5 7 8 9 10        833/899
5 5 7 8 10 10       719/899
5 5 7 9 9 10        763/899
5 5 7 9 10 10       722/899
5 5 8 8 9 9         635/899
5 5 8 8 9 10        770/899
5 5 8 8 10 10       581/899
5 5 8 9 9 10        745/899
5 5 8 9 10 10       736/899
5 5 9 9 10 10       540/899
5 6 6 7 7 8         663/899
5 6 6 7 7 9         702/899
5 6 6 7 7 10        746/899
5 6 6 7 8 8         690/899
5 6 6 7 8 9         820/899
5 6 6 7 8 10        835/899
5 6 6 7 9 9         730/899
5 6 6 7 9 10        847/899
5 6 6 7 10 10       756/899
5 6 6 8 8 9         733/899
5 6 6 8 8 10        703/899
5 6 6 8 9 9         727/899
5 6 6 8 9 10        857/899
5 6 6 8 10 10       734/899
5 6 6 9 9 10        721/899
5 6 6 9 10 10       740/899
5 6 7 7 8 8         728/899
5 6 7 7 8 9         836/899
5 6 7 7 8 10        859/899
5 6 7 7 9 9         775/899
5 6 7 7 9 10        844/899
5 6 7 7 10 10       785/899
5 6 7 8 8 9         851/899
5 6 7 8 8 10        854/899
5 6 7 8 9 9         851/899
5 6 7 8 9 10        898/899
5 6 7 8 10 10       861/899
5 6 7 9 9 10        867/899
5 6 7 9 10 10       873/899
5 6 8 8 9 9         800/899
5 6 8 8 9 10        856/899
5 6 8 8 10 10       741/899
5 6 8 9 9 10        869/899
5 6 8 9 10 10       869/899
5 6 9 9 10 10       739/899
5 7 7 8 8 9         780/899
5 7 7 8 8 10        789/899
5 7 7 8 9 9         765/899
5 7 7 8 9 10        870/899
5 7 7 8 10 10       791/899
5 7 7 9 9 10        793/899
5 7 7 9 10 10       811/899
5 7 8 8 9 9         775/899
5 7 8 8 9 10        870/899
5 7 8 8 10 10       804/899
5 7 8 9 9 10        869/899
5 7 8 9 10 10       885/899
5 7 9 9 10 10       816/899
5 8 8 9 9 10        784/899
5 8 8 9 10 10       808/899
5 8 9 9 10 10       778/899
6 6 7 7 8 8         532/899
6 6 7 7 8 9         769/899
6 6 7 7 8 10        772/899
6 6 7 7 9 9         633/899
6 6 7 7 9 10        793/899
6 6 7 7 10 10       690/899
6 6 7 8 8 9         767/899
6 6 7 8 8 10        741/899
6 6 7 8 9 9         760/899
6 6 7 8 9 10        875/899
6 6 7 8 10 10       756/899
6 6 7 9 9 10        760/899
6 6 7 9 10 10       801/899
6 6 8 8 9 9         648/899
6 6 8 8 9 10        745/899
6 6 8 8 10 10       526/899
6 6 8 9 9 10        762/899
6 6 8 9 10 10       777/899
6 6 9 9 10 10       654/899
6 7 7 8 8 9         756/899
6 7 7 8 8 10        783/899
6 7 7 8 9 9         788/899
6 7 7 8 9 10        872/899
6 7 7 8 10 10       802/899
6 7 7 9 9 10        799/899
6 7 7 9 10 10       821/899
6 7 8 8 9 9         802/899
6 7 8 8 9 10        876/899
6 7 8 8 10 10       749/899
6 7 8 9 9 10        879/899
6 7 8 9 10 10       873/899
6 7 9 9 10 10       822/899
6 8 8 9 9 10        796/899
6 8 8 9 10 10       770/899
6 8 9 9 10 10       825/899
7 7 8 8 9 9         508/899
7 7 8 8 9 10        761/899
7 7 8 8 10 10       683/899
7 7 8 9 9 10        750/899
7 7 8 9 10 10       808/899
7 7 9 9 10 10       670/899
7 8 8 9 9 10        652/899
7 8 8 9 10 10       755/899
7 8 9 9 10 10       725/899
8 8 9 9 10 10       459/899
1 1 2 2 3 25        191/899
1 1 2 2 4 25        242/899
1 1 2 2 5 25        307/899
1 1 2 2 6 25        352/899
1 1 2 2 7 25        390/899
1 1 2 2 8 25        430/899
1 1 2 2 9 25        442/899
1 1 2 2 10 25       449/899
1 1 2 3 3 25        268/899
1 1 2 3 4 25        404/899
1 1 2 3 5 25        473/899
1 1 2 3 6 25        509/899
1 1 2 3 7 25        531/899
1 1 2 3 8 25        552/899
1 1 2 3 9 25        584/899
1 1 2 3 10 25       640/899
1 1 2 4 4 25        397/899
1 1 2 4 5 25        526/899
1 1 2 4 6 25        558/899
1 1 2 4 7 25        592/899
1 1 2 4 8 25        616/899
1 1 2 4 9 25        628/899
1 1 2 4 10 25       620/899
1 1 2 5 5 25        433/899
1 1 2 5 6 25        604/899
1 1 2 5 7 25        621/899
1 1 2 5 8 25        598/899
1 1 2 5 9 25        576/899
1 1 2 5 10 25       530/899
1 1 2 6 6 25        496/899
1 1 2 6 7 25        566/899
1 1 2 6 8 25        546/899
1 1 2 6 9 25        553/899
1 1 2 6 10 25       572/899
1 1 2 7 7 25        423/899
1 1 2 7 8 25        536/899
1 1 2 7 9 25        560/899
1 1 2 7 10 25       613/899
1 1 2 8 8 25        449/899
1 1 2 8 9 25        564/899
1 1 2 8 10 25       614/899
1 1 2 9 9 25        480/899
